Date,District,Street,Rooms,m2,Floor,Serie,Price
2025-10-06,Межциемс,Кайвас 50/4,2,38,5/5,Нов.,71500
2025-10-06,центр,Барона 24/26,2,51,5/6,Рекон.,169000
2025-10-06,Ильгюциемс,Лидоню 23,2,50,1/5,Лит. пр.,39500
2025-10-06,Иманта,Имантас 3A,2,50,4/5,Лит. пр.,45000
2025-10-06,центр,Авоту 7,3,64,3/5,Дов. дом,164990
2025-10-06,Пурвциемс,Варавикснес Г. 10,2,50,4/9,602-я,50000
2025-10-06,центр,Калниня 2,-,126,5/6,Рекон.,250000
2025-10-06,Межапарк,Кокнесес пр. 4,3,139,6/12,Нов.,260000
2025-10-06,центр,Дзирнаву 92,3,134,4/6,Рекон.,398000
2025-10-06,Пурвциемс,Дзелзавас 25,2,51,8/9,602-я,60000
2025-10-06,Агенскалнс,Лиелирбес 9a,3,47,2/4,Рекон.,119500
2025-10-06,Пурвциемс,Буртниеку 35,1,17,1/4,М. сем.,24000
2025-10-06,Тейка,Кастранес 3,3,62,4/5,Лит. пр.,59900
2025-10-06,Агенскалнс,Лиелирбес 9A,2,45,3/4,Нов.,103500
2025-10-06,Зиепниеккалнс,Озолциема 34,1,44,6/9,М. сем.,40500
2025-10-06,Пурвциемс,Веявас 9c,2,69,3/4,Нов.,123000
2025-10-06,Вецрига,Калькю 2,2,54,2/5,Сталинка,153000
2025-10-06,Дзегужкалнс,М. Стацияс 6,2,37,4/5,Лит. пр.,36500
2025-10-06,Межциемс,Веца Бикерниеку 9,2,60,4/4,Нов.,138000
2025-10-06,Плявниеки,Улброкас 12 K3,3,66,9/9,Нов.,112000
2025-10-06,Торнякалнс,Апшу 4,2,40,2/3,Рекон.,91770
2025-10-06,Торнякалнс,Апшу 4,2,80,1/3,Рекон.,130000
2025-10-06,Югла,Мурьяню 36,1,30,5/5,Лит. пр.,47000
2025-10-06,Агенскалнс,Кристапа 8a,1,12,1/4,Хрущ.,21500
2025-10-06,Агенскалнс,Лиелирбес 9a,2,45,3/4,Рекон.,103500
2025-10-06,центр,Дунтес 34,4,100,3/7,Нов.,239900
2025-10-06,центр,Валдемара 53,4,145,4/6,Дов. дом,304600
2025-10-06,центр,Катринас Д. 27,3,65,4/12,Рекон.,129000
2025-10-06,Плявниеки,Сахарова 8,2,61,2/9,Нов.,121000
2025-10-06,Ильгюциемс,Мотору 5,2,50,5/5,Лит. пр.,39900
2025-10-06,центр,Виландес 5,3,77,4/5,Рекон.,156000
2025-10-06,Дрейлини,Лубанас 200,2,56,4/5,103-я,64800
2025-10-06,Агенскалнс,Грина бульв. 1,3,76,4/5,Сталинка,136000
2025-10-06,Кенгарагс,Прушу 4,2,55,3/5,Нов.,104000
2025-10-06,Золитуде,Анниньмуйжас 20,3,73,3/7,Нов.,116000
2025-10-06,Агенскалнс,Валгума 24,2,41,5/5,Хрущ.,48000
2025-10-06,центр,Миленбаха 19,4,98,2/5,Сталинка,146500
2025-10-06,центр,Базницас 5,4,94,2/4,Рекон.,254610
2025-10-06,центр,Дунтес 34,2,47,3/7,Нов.,114900
2025-10-06,центр,Гростонас 9A,3,70,4/8,Нов.,309900
2025-10-06,центр,Гростонас 9B,2,32,4/8,Нов.,124900
2025-10-06,Иманта,Даммес 6,3,61,8/9,602-я,71000
2025-10-06,Югла,Юглас 37,3,61,2/5,Лит. пр.,67000
2025-10-06,Кенгарагс,Локомотивес 62,2,49,3/5,Лит. пр.,57800
2025-10-06,Торнякалнс,Даудзесес 2,1,27,2/2,Дов. дом,13000
2025-10-06,Саркандаугава,Виестура пр. 71,3,56,2/5,Хрущ.,63000
2025-10-06,Саркандаугава,Слиежу 1,2,38,4/5,Рекон.,49900
2025-10-06,центр,Валдемара 39,5,151,3/6,Дов. дом,249500
2025-10-06,Дарзциемс,Ситас 48,1,42,3/5,М. сем.,55950
2025-10-06,Кенгарагс,Прушу 4,2,55,3/5,Нов.,110500
2025-10-06,Тейка,Бривибас 218D,1,22,1/2,Дов. дом,40000
2025-10-06,Агенскалнс,Валентина 16,1,34,3/4,Рекон.,72000
2025-10-06,Вецмилгравис,Калнгалес 8,2,52,2/9,602-я,57500
2025-10-06,Зиепниеккалнс,Стерсту 5,2,38,3/3,Хрущ.,41800
2025-10-06,Пурвциемс,Дзелзавас 74C,2,39,2/13,Нов.,102900
2025-10-06,р-он,ул. Латгалес Латгалес 108,2,56,6/6,Дов. дом,59700
2025-10-06,центр,Лачплеша 62,2,46,1/5,Рекон.,44000
2025-10-06,Пурвциемс,Илукстес 60,3,67,2/5,Лит. пр.,59900
2025-10-06,Югла,Юглас 39,3,59,5/5,Лит. пр.,45500
2025-10-06,центр,Стругу 3,4,130,3/4,Дов. дом,125000
2025-10-06,центр,Авоту 43,1,27,2/5,Дов. дом,52000
2025-10-06,Агенскалнс,Ранькя Д. 9,2,54,2/6,Рекон.,135000
2025-10-06,Торнякалнс,Бривземниека 16,2,43,1/2,Дов. дом,28500
2025-10-06,Кливерсала,Ранькя Д. 9,2,54,2/6,Рекон.,135000
2025-10-06,центр,Дзирнаву 3,3,73,1/6,Дов. дом,150000
2025-10-06,Болдерая,Лиелупес 64,2,48,5/5,Лит. пр.,37000
2025-10-06,Тейка,Бривибас 218d,1,22,1/2,Дов. дом,22500
2025-10-06,центр,Бривибас 46,2,62,3/6,Рекон.,263000
2025-10-06,Зиепниеккалнс,Тумес 25,2,40,4/6,Нов.,139000
2025-10-06,Вецмилгравис,Вийолишу 6,1,43,3/5,М. сем.,38999
2025-10-06,Пурвциемс,Вайдавас 3A,2,49,6/6,Нов.,82000
2025-10-06,Шампетерис-Плескодале,Волгунтес 5,2,42,1/4,Хрущ.,48000
2025-10-06,центр,Весетас 10,1,48,6/7,Спец. пр.,85000
2025-10-06,Агенскалнс,Лиелирбес 9A,3,47,2/4,Рекон.,119500
2025-10-06,Агенскалнс,Лиепаяс 2,5,220,6/6,Нов.,450000
2025-10-06,Ильгюциемс,Скуйенес 9,2,47,3/5,Хрущ.,38500
2025-10-06,Саркандаугава,Саркандаугавас 26/2,2,43,1/5,Хрущ.,29200
2025-10-06,центр,Пулкв. Бриежа 15,1,21,3/7,Дов. дом,72450
2025-10-06,Межапарк,Хамбургас 16,4,96,2/3,Дов. дом,158400
2025-10-06,центр,Авоту 8 k1,3,83,4/5,Дов. дом,94000
2025-10-06,центр,Лачплеша 62,3,89,3/6,Дов. дом,112000
2025-10-06,центр,Асара 15,1,37,4/4,Дов. дом,59900
2025-10-06,Кенгарагс,Латгалес 279 k-1,3,60,5/5,Лит. пр.,48000
2025-10-06,Агенскалнс,Ранькя Д. 31,3,81,2/4,Рекон.,121176
2025-10-06,Зиепниеккалнс,Валдекю 68,1,32,9/9,602-я,42600
2025-10-06,Пурвциемс,Стирну 1,2,50,9/9,Нов.,98000
2025-10-06,Пурвциемс,Марса Г. 14,3,55,1/5,Лит. пр.,74500
2025-10-06,Агенскалнс,М. Нометню 75,3,75,3/4,Дов. дом,120000
2025-10-06,Золитуде,Апузес 41,4,106,1/3,Нов.,187000
2025-10-06,Биерини,Упесгривас 26,4,123,2/1,Ч. дом,215000
2025-10-06,центр,Экспорта 12,4,118,6/7,Рекон.,189500
2025-10-06,Агенскалнс,Лиелирбес 9a,2,45,3/4,Нов.,103500
2025-10-06,Агенскалнс,Лиелирбес 9a,3,47,2/4,Рекон.,119500
2025-10-06,Шампетерис-Плескодале,Лиелирбес 9A,3,47,2/4,Нов.,119000
2025-10-06,Шампетерис-Плескодале,Лиелирбес 9A,1,23,1/4,Нов.,61500
2025-10-06,Тейка,Ропажу 41,3,89,1/3,Дов. дом,94000
2025-10-06,Агенскалнс,М. Нометню 75,2,64,3/4,Дов. дом,104280
2025-10-06,центр,Бривибас 84,3,84,2/5,Рекон.,195000
2025-10-06,центр,Томсона 21,2,55,5/5,Дов. дом,70000
2025-10-06,Шампетерис-Плескодале,Лиелирбес 9A,2,45,3/4,Нов.,103500
2025-10-06,Межциемс,Веца Бикерниеку 37,3,85,3/4,Нов.,163000
2025-10-06,Иманта,Курземес пр. 6,2,39,4/5,Лит. пр.,38000
2025-10-06,Пурвциемс,Виршу 11,3,61,9/9,119-я,65000
2025-10-06,Саркандаугава,Приежу 14A,1,22,3/3,Дов. дом,25400
2025-10-06,Пурвциемс,Марциенас 1,3,76,5/9,119-я,103500
2025-10-06,Кенгарагс,Латгалес 260,1,32,4/5,Лит. пр.,30500
2025-10-06,Плявниеки,Дравниеку 3,1,33,9/10,Нов.,75024
2025-10-06,Тейка,Видрижу 4,3,75,1/10,Рекон.,97400
2025-10-06,центр,Клияну 6,1,12,1/8,Нов.,19500
2025-10-06,Кенгарагс,Саласпилс 22,1,44,4/4,Рекон.,45000
2025-10-06,Тейка,Вайрога 32,2,23,3/3,Нов.,62000
2025-10-06,Пурвциемс,Лиелвардес 107,2,59,5/12,104-я,69000
2025-10-06,Берги,Яунибас 11,4,144,3/3,Нов.,175000
2025-10-06,Пурвциемс,Звайгзная Г. 3,2,50,3/5,Лит. пр.,45000
2025-10-06,Плявниеки,Салнас 12,2,52,5/9,602-я,84000
2025-10-06,Плявниеки,Дравниеку 3 K-1,3,71,7/10,Нов.,152716
2025-10-06,центр,Миленбаха 19,2,79,6/6,Сталинка,149700
2025-10-06,Кенгарагс,Саласпилс 12k-4,2,38,5/5,Лит. пр.,29000
2025-10-06,Саркандаугава,Патверсмес 5,2,44,3/5,Дов. дом,37000
2025-10-06,Плявниеки,Земес 4,2,51,4/6,602-я,63000
2025-10-06,Иманта,Ригондас Г. 3,3,79,2/12,Чеш. пр.,86500
2025-10-06,Гризинькалнс,Таллинас 96,2,63,2/2,Рекон.,99850
2025-10-06,центр,Райня бульв. 2,4,149,3/6,Рекон.,349000
2025-10-06,центр,Лачплеша 36,3,60,2/5,Рекон.,228380
2025-10-06,центр,Алберта 1,5,209,5/5,Рекон.,835000
2025-10-06,центр,Базницас 5,3,80,2/4,Рекон.,232580
2025-10-06,р-н,ул.Краста Салацас 16,3,71,1/16,467-я,62000
2025-10-06,Болдерая,Кодола 6,2,34,2/2,Дов. дом,8900
2025-10-06,Ильгюциемс,Гара 28,3,66,3/5,Лит. пр.,67500
2025-10-06,Тейка,Вайрога 32,2,23,3/3,Нов.,60000
2025-10-06,Пурвциемс,Илукстес 109k1,2,52,7/9,602-я,63000
2025-10-06,центр,Чака 108,2,48,2/3,Дов. дом,59900
2025-10-06,Пурвциемс,Пурвциема 26,3,79,2/9,119-я,70000
2025-10-06,Пурвциемс,Стирну 12a,2,65,1/3,Нов.,119900
2025-10-06,центр,Алаукста 7,2,46,2/4,Рекон.,138000
2025-10-06,Иманта,Клеисту 11,2,60,12/16,Нов.,128700
2025-10-06,Зиепниеккалнс,Малу 16,1,36,1/3,Дов. дом,33000
2025-10-06,центр,Садовникова 11,4,88,3/5,Дов. дом,120000
2025-10-06,Зиепниеккалнс,Кекавас 10,2,42,2/3,Хрущ.,43000
2025-10-06,Тейка,Вайрога 32,2,28,3/4,Нов.,63000
2025-10-06,Агенскалнс,Нометню 5,1,20,1/5,Дов. дом,85750
2025-10-06,центр,Бирзниека-Упиша 27,4,338,5/6,Рекон.,198000
2025-10-06,центр,Экспорта 10,2,55,4/5,Сталинка,122000
2025-10-06,Саркандаугава,Зиемелю 12,1,30,1/2,Дов. дом,12000
2025-10-06,Вецмилгравис,Эммас 11,3,68,4/5,Лит. пр.,50500
2025-10-06,Саркандаугава,Саркандаугавас 26-2,2,43,1/5,Хрущ.,44000
2025-10-06,Межциемс,Кайвас 50/3,3,54,5/5,Нов.,98000
2025-10-06,р-н,ул.Краста Латгалес 153a,1,25,1/5,Дов. дом,24900
2025-10-06,Кенгарагс,Аглонас 2,2,52,2/12,Чеш. пр.,41500
2025-10-06,р-он,ул. Латгалес Пиртс 9,3,50,4/4,Дов. дом,33500
2025-10-06,р-он,ул. Латгалес Екабпилс 25,3,57,2/3,Дов. дом,33500
2025-10-06,центр,Катринас Д. 20 K-2,2,42,2/5,Спец. пр.,70000
2025-10-06,Зиепниеккалнс,Кометас 10,3,77,3/4,Нов.,159500
2025-10-06,Даугавгрива,Парадес 3/1,2,48,4/5,Чеш. пр.,35000
2025-10-06,центр,Миера 105,2,42,6/6,Рекон.,109500
2025-10-06,Зиепниеккалнс,Виенибас Г. 192,3,80,3/5,Нов.,149000
2025-10-06,Межциемс,Хипократа 13,2,57,16/16,104-я,89900
2025-10-06,центр,Валдемара 57/59,-,331,6/6,Дов. дом,346750
2025-10-06,Чиекуркалнс,Эзермалас 4,2,19,5/5,Рекон.,26358
2025-10-06,Чиекуркалнс,Эзермалас 4,2,34,1/5,Рекон.,46506
2025-10-06,Межциемс,Гайльэзера 9,3,87,3/9,Нов.,218000
2025-10-06,центр,Экспорта 16,2,42,3/5,Хрущ.,74900
2025-10-06,центр,Бирзниека-Упиша 20A,1,28,3/7,Нов.,109000
2025-10-06,Плявниеки,Рембатес 10,2,51,5/10,Нов.,109900
2025-10-06,центр,Элизабетес 22,4,136,2/6,Рекон.,790000
2025-10-06,Дзегужкалнс,М. Стацияс 22,2,45,3/5,Лит. пр.,39000
2025-10-06,Пурвциемс,Иерикю 50`,2,56,1/3,Сталинка,49000
2025-10-06,центр,Валдемара 57/59,4,93,3/6,Дов. дом,325000
2025-10-06,р-н,ул.Краста Огрес 14,4,72,1/9,467-я,67000
2025-10-06,Плявниеки,Сахарова 13,5,124,4/12,104-я,169000
2025-10-06,Иманта,Даммес 27,4,75,8/9,602-я,100000
2025-10-06,Плявниеки,Ю. Вациеша 3,2,50,6/8,602-я,49500
2025-10-06,Кенгарагс,"Прушу 3 k-2,",3,62,5/5,Лит. пр.,47600
2025-10-06,Кенгарагс,Глудас 6,1,34,5/5,Лит. пр.,32000
2025-10-06,Золитуде,Анниньмуйжас 7,3,121,12/13,Нов.,233000
2025-10-06,Плявниеки,Тинужу 14,2,50,2/9,602-я,57500
2025-10-06,Пурвциемс,Вайдавас 3,2,45,5/5,Лит. пр.,58000
2025-10-06,Зиепниеккалнс,Картупелю Xx,2,41,1/3,Хрущ.,79000
2025-10-06,Брекши,Бикерниеку 228,1,39,3/5,Спец. пр.,34900
2025-10-06,Пурвциемс,Дзелзавас 27,2,38,5/5,Лит. пр.,54900
2025-10-06,Ильгюциемс,Дзирциема 57,1,33,1/9,467-я,38000
2025-10-06,Зиепниеккалнс,Виенибас Г. 100,2,44,1/2,Дов. дом,46900
2025-10-06,Агенскалнс,Лиелирбес 9A,1,24,1/4,Нов.,61500
2025-10-06,Кливерсала,Валгума 17,1,27,1/5,Дов. дом,456000
2025-10-06,Вецмилгравис,Вецмилгравья 6,1,27,4/5,Спец. пр.,27900
2025-10-06,Югла,Квелес 21,2,43,5/5,Хрущ.,40000
2025-10-06,Плявниеки,Сахарова 15,2,57,6/12,104-я,65000
2025-10-06,Межапарк,Виестура пр. 95,2,40,7/10,Нов.,105000
2025-10-06,Межциемс,Эйзенштейна 51,5,95,1/10,602-я,137000
2025-10-06,центр,Валмиерас 21,1,29,2/3,Дов. дом,26800
2025-10-06,Пурвциемс,Пурвциема 53,1,40,5/9,М. сем.,38000
2025-10-06,Агенскалнс,Лиелирбес 9a,1,24,1/4,Рекон.,61500
2025-10-06,Кенгарагс,Вишкю 7,2,45,2/5,Лит. пр.,49000
2025-10-06,Агенскалнс,Веца Юрмалас г. 1b,3,75,7/12,Чеш. пр.,68000
2025-10-06,Агенскалнс,Баускас 29,2,52,1/3,Дов. дом,78000
2025-10-06,Тейка,Ропажу 93,1,34,2/2,Дов. дом,28500
2025-10-06,Тейка,Земгала 80,3,70,3/12,Нов.,139000
2025-10-06,Чиекуркалнс,Чиекуркална 2 л. 49a,1,30,5/5,Нов.,46500
2025-10-06,Югла,Малиенас 74,2,47,2/5,Лит. пр.,48000
2025-10-06,центр,Гертрудес 76,1,30,5/6,Дов. дом,49000
2025-10-06,Ильгюциемс,Дагмарас 14,1,29,3/5,Лит. пр.,28900
2025-10-06,Зиепниеккалнс,Кометас 24,2,65,2/4,Нов.,154000
2025-10-06,центр,Миленбаха 1,2,47,5/6,Рекон.,129000
2025-10-06,Агенскалнс,Слокас 59a,3,87,1/5,Нов.,184000
2025-10-06,Пурвциемс,Виршу 1,4,90,9/9,119-я,110000
2025-10-06,центр,Гертрудес 99 k2,1,24,6/6,Дов. дом,45000
2025-10-06,Пурвциемс,Стайцелес 15,4,76,9/9,602-я,51900
2025-10-06,Даугавгрива,Лепью 11,2,50,4/5,Спец. пр.,29950
2025-10-06,Тейка,Бривибас 362,6,271,1/8,Спец. пр.,225000
2025-10-06,Иманта,Юрмалас Г. 62a,5,105,2/3,Спец. пр.,92000
2025-10-06,Иманта,Юрмалас Г. 62a,5,105,1/3,Спец. пр.,92000
2025-10-06,Вецмилгравис,Лайвиниеку 1,2,41,2/2,Рекон.,44900
2025-10-06,Яунциемс,Яунциема Г. 77,1,33,1/3,Спец. пр.,23500
2025-10-06,Вецмилгравис,Лайвиниеку 1,4,97,1/2,Рекон.,99000
2025-10-06,Тейка,Ваверес 4,5,172,2/3,Нов.,280000
2025-10-06,Саркандаугава,Какясекля Д. 20,1,24,1/3,Дов. дом,20000
2025-10-06,Кенгарагс,Аглонас 27,2,41,3/5,Хрущ.,35000
2025-10-06,Вецмилгравис,Сниега 2,2,51,2/5,Лит. пр.,51000
2025-10-06,Кенгарагс,Крустпилс 73/2,2,43,1/3,Хрущ.,31000
2025-10-06,Золитуде,Золитудес 75 k2,3,86,2/6,Нов.,170000
2025-10-06,центр,Авоту 7,2,52,4/6,Дов. дом,120000
2025-10-06,Иманта,Юрмалас Г. 62,4,100,3/3,Спец. пр.,92000
2025-10-06,Плявниеки,Илукстес 26,1,39,4/5,М. сем.,38500
2025-10-06,Межциемс,Межциема 23k1-56,2,53,10/16,104-я,87000
2025-10-06,Кенгарагс,Булту 2,3,66,5/5,Нов.,142000
2025-10-06,Вецрига,Аспазияс бульв. 30,3,101,3/5,Дов. дом,270000
2025-10-06,Ильгюциемс,Саулгожу 21,1,31,5/5,Хрущ.,27800
2025-10-06,Зиепниеккалнс,Дижозолу 25,2,50,9/9,602-я,62000
2025-10-06,центр,Ноликтавас 1,2,56,5/5,Дов. дом,135000
2025-10-06,Дзегужкалнс,Даугавгривас 56,3,58,6/9,467-я,71400
2025-10-06,Кенгарагс,Прушу 1/1,2,45,1/5,Лит. пр.,55000
2025-10-06,Кенгарагс,Крустпилс 73,1,18,2/3,М. сем.,16000
2025-10-06,Кундзиньсала,Кундзиньсалас 16 л. 24,1,30,1/1,Дов. дом,24500
2025-10-06,Пурвциемс,Дзелзавас 89,3,56,4/5,Лит. пр.,78750
2025-10-06,Кенгарагс,Прушу 46,3,119,10/10,Нов.,237600
2025-10-06,Агенскалнс,Капселю 5,2,56,2/2,Дов. дом,44000
2025-10-06,Югла,Циемупес 2,3,56,1/8,Нов.,135000
2025-10-06,Пурвциемс,Стайцелес 21,3,59,1/5,Лит. пр.,65000
2025-10-06,Дарзциемс,Ситас 48,1,39,5/5,М. сем.,29000
2025-10-06,Плявниеки,Илукстес 32,1,37,1/9,602-я,42000
2025-10-06,Кенгарагс,Латгалес 256,2,46,3/5,Лит. пр.,51000
2025-10-06,Тейка,Ропажу 50,2,50,1/4,Сталинка,60000
2025-10-06,Югла,Силциема 15-к 5,2,46,1/5,Лит. пр.,36500
2025-10-06,Агенскалнс,Лиелирбес 9a,2,45,3/4,Рекон.,103500
2025-10-06,Агенскалнс,Лиелирбес 9a,1,24,1/4,Рекон.,61500
2025-10-06,Агенскалнс,Лиелирбес 9a,1,26,1/4,Рекон.,68500
2025-10-06,Межапарк,Хамбургас 27,-,297,1/3,Дов. дом,395000
2025-10-06,Пурвциемс,Ницгалес 47,2,55,5/6,103-я,58000
2025-10-06,Пурвциемс,Илукстес 6,1,39,5/5,М. сем.,47000
2025-10-06,Югла,Бривибас 405/1,3,57,4/5,Спец. пр.,69900
2025-10-06,центр,Варну 8,1,36,3/6,Дов. дом,62000
2025-10-06,Ильгюциемс,Буллю 20,2,30,2/2,Дов. дом,22000
2025-10-06,Саркандаугава,Саркандаугавас 3,2,40,1/5,Сталинка,44000
2025-10-06,Тейка,Структору 7,3,70,2/3,Рекон.,126900
2025-10-06,Золитуде,Анниньмуйжас 2,3,74,12/16,104-я,87000
2025-10-06,Межциемс,Хипократа 4,3,63,4/9,602-я,59999
2025-10-06,Иманта,Анниньмуйжас 82,2,52,9/9,467-я,72500
2025-10-06,р-он,ул. Латгалес Латгалес 409,2,55,3/5,Спец. пр.,43000
2025-10-06,Ильгюциемс,Лидоню 3a,2,50,1/5,Лит. пр.,38000
2025-10-06,Межциемс,Эйзенштейна 47A,4,86,2/10,Нов.,215000
2025-10-06,Пурвциемс,Вайдавас 5,2,44,5/5,Лит. пр.,58000
2025-10-06,центр,Валдемара 87,2,48,1/5,Дов. дом,48000
2025-10-06,Агенскалнс,Атпутас 12,2,49,2/2,Хрущ.,72000
2025-10-06,Шампетерис-Плескодале,Лиелирбес 13,2,68,16/31,Нов.,125000
2025-10-06,центр,Барона 70,3,58,2/3,Дов. дом,92000
2025-10-06,Даугавгрива,Лепью 13,2,55,5/5,103-я,40700
2025-10-06,центр,Сколас 30,3,118,4/6,Рекон.,240000
2025-10-06,Ильгюциемс,Балта 9,2,43,3/4,Хрущ.,40698
2025-10-06,Агенскалнс,Элвирас 13B,1,30,4/5,Лит. пр.,43498
2025-10-06,Кенгарагс,Прушу 15,2,40,5/5,Хрущ.,43598
2025-10-06,Дрейлини,Валтера 5,2,50,4/9,Нов.,72598
2025-10-06,центр,Экспорта 2,3,98,4/5,Сталинка,195000
2025-10-06,р-н,ул.Краста Лубанас 10,3,59,8/9,467-я,73000
2025-10-06,Гризинькалнс,Терезес 8,1,29,3/5,103-я,40000
2025-10-06,Пурвциемс,Марса Г. 6,3,55,4/5,Лит. пр.,107000
2025-10-06,Кенгарагс,Локомотивес 70,2,45,2/5,Лит. пр.,54000
2025-10-06,Вецмилгравис,Эммас 6,4,67,1/3,Сталинка,59000
2025-10-06,центр,Заубес 9,3,75,3/6,Рекон.,290000
2025-10-06,центр,Гертрудес 103,4,118,5/6,Дов. дом,185000
2025-10-06,центр,Стабу 15,6,218,8/8,Сталинка,184000
2025-10-06,центр,Валдемара 39,3,89,1/6,Дов. дом,115000
2025-10-06,Биерини,Робежу 31,4,66,2/2,Дов. дом,130000
2025-10-06,Плявниеки,Деглава 152,3,63,1/9,602-я,47900
2025-10-06,Плявниеки,Лубанас 43,2,46,2/2,Сталинка,47000
2025-10-06,Шампетерис-Плескодале,Залвес 37,2,79,3/3,Нов.,169000
2025-10-06,Дарзциемс,Лубанас 43,2,46,2/2,Сталинка,47000
2025-10-06,р-он,ул. Латгалес Лубанас 43,2,46,2/2,Сталинка,47000
2025-10-06,р-н,ул.Краста Лубанас 43,2,46,2/2,Сталинка,47000
2025-10-06,Кенгарагс,Лубанас 43,2,46,2/2,Сталинка,47000
2025-10-06,Кипсала,Кипсалас 4,3,79,1/4,Нов.,225000
2025-10-06,Тейка,Бривибас 201,2,39,5/5,Нов.,84500
2025-10-06,Зиепниеккалнс,Берзупес 6,2,42,3/3,Хрущ.,55000
2025-10-06,Тейка,Бривибас 201,2,50,2/5,Нов.,101900
2025-10-06,Тейка,Бривибас 201,2,52,3/5,Нов.,149900
2025-10-06,Тейка,Бривибас 201,3,73,2/5,Нов.,186500
2025-10-06,Тейка,Бривибас 201,2,50,2/5,Нов.,101900
2025-10-06,Иманта,Анниньмуйжас 38 k-11,3,79,4/18,Нов.,150000
2025-10-06,Дарзциемс,Румбулас 1/1,1,43,2/5,М. сем.,45000
2025-10-06,Саркандаугава,Твайка 48,3,57,5/5,Хрущ.,54000
2025-10-06,центр,Райня бульв. 3,4,149,4/6,Рекон.,296000
2025-10-06,центр,Райня бульв. 3,6,193,2/6,Рекон.,386800
2025-10-06,Югла,Квелес 9,1,31,1/4,Нов.,68000
2025-10-06,Тейка,Таливалжа 20,2,68,1/3,Нов.,165000
2025-10-06,Ильгюциемс,Стурес 9,2,49,4/5,Лит. пр.,45000
2025-10-06,центр,Элизабетес 8,2,36,1/5,Рекон.,102168
2025-10-06,центр,Госпиталю 8,6,216,5/6,Нов.,269000
2025-10-06,центр,Бривибас 68,2,49,4/6,Дов. дом,156800
2025-10-06,центр,Марияс 4,2,39,1/5,Рекон.,130650
2025-10-06,центр,Марияс 4,2,40,2/5,Рекон.,140494
2025-10-06,центр,Матиса 101,3,50,5/5,Рекон.,103000
2025-10-06,Агенскалнс,Лермонтова 3,3,59,1/2,Рекон.,79000
2025-10-06,центр,Райня бульв. 3,6,193,2/6,Рекон.,386800
2025-10-06,центр,Райня бульв. 3,4,148,4/6,Рекон.,296000
2025-10-06,Тейка,Ваверес 4,5,172,1/3,Нов.,280000
2025-10-06,Дзегужкалнс,Яунсаулес 7A,2,64,5/5,Лит. пр.,63000
2025-10-06,центр,Чака 134,2,76,4/6,Нов.,180000
2025-10-06,центр,Катринас Д. 20 k-1,2,41,3/5,Хрущ.,53000
2025-10-06,Чиекуркалнс,Эзермалас 4,2,19,4/5,Рекон.,26220
2025-10-06,Межапарк,Эзермалас 4,2,24,2/5,Рекон.,32568
2025-10-06,р-н,ул.Краста Лубанас 8,3,61,5/9,467-я,55500
2025-10-06,Межциемс,Бикерниеку 160,2,58,2/5,Нов.,140000
2025-10-06,центр,Валдемара 117,3,59,2/5,Дов. дом,91000
2025-10-06,Болдерая,Межрозишу 6,1,29,1/2,Спец. пр.,25000
2025-10-06,Иманта,Талавас Г. 3,1,27,2/5,Лит. пр.,36500
2025-10-06,Пурвциемс,Дзелзавас 112,2,48,6/7,Нов.,114000
2025-10-06,центр,Тербатас 50,4,80,4/5,Дов. дом,240000
2025-10-06,Дзегужкалнс,Дзирциема 21,3,73,6/12,Чеш. пр.,89000
2025-10-06,Гризинькалнс,Алаукста 7,2,40,1/2,Рекон.,115000
2025-10-06,Иманта,Курземес пр. 52,2,48,3/5,Лит. пр.,55000
2025-10-06,центр,Бруниниеку 121,1,27,1/4,Рекон.,58000
2025-10-06,центр,Бруниниеку 121,2,33,1/5,Рекон.,60000
2025-10-06,Межапарк,Кишезера 10,2,48,2/9,Нов.,135900
2025-10-06,Золитуде,Грамздас 17,3,78,9/9,119-я,66800
2025-10-06,центр,Антонияс 26,3,84,6/7,Рекон.,365000
2025-10-06,Пурвциемс,Марциенас 2,1,43,6/9,119-я,39990
2025-10-06,Пурвциемс,Буртниеку 35,1,13,3/4,Хрущ.,29000
2025-10-06,центр,Стабу 33,2,47,1/2,Дов. дом,69000
2025-10-06,центр,11 ноября наб. 1,1,28,1/3,Нов.,69700
2025-10-06,центр,Пулкв. Бриежа 8,5,163,3/6,Дов. дом,299000
2025-10-06,центр,Виландес 12,3,105,5/6,Рекон.,229000
2025-10-06,Ильгюциемс,Буллю 52,1,25,1/3,Дов. дом,9500
2025-10-06,Плявниеки,Купричу 1B,3,72,3/6,Нов.,175500
2025-10-06,Тейка,Бривибас 201,3,76,2/5,Нов.,145900
2025-10-06,Тейка,Бривибас 201,3,90,2/5,Нов.,182900
2025-10-06,Тейка,Вайрога 24,2,43,3/5,103-я,73000
2025-10-06,центр,Рупниецибас 21,3,94,2/7,Нов.,295000
2025-10-06,Агенскалнс,Виенибас Г. 87,2,64,1/3,Рекон.,110000
2025-10-06,центр,Артилерияс 24,2,42,1/5,Дов. дом,84000
2025-10-06,центр,Я. Далиня 8,3,110,14/24,Нов.,307330
2025-10-06,Закюсала,Закюсалас наб. 27,2,49,1/3,Нов.,139200
2025-10-06,центр,Барона 14,4,117,4/6,Дов. дом,214000
2025-10-06,Агенскалнс,Ранькя Д. 9,3,86,3/6,Рекон.,229000
2025-10-06,Югла,Бривибас 411,1,27,3/5,Хрущ.,39000
2025-10-06,р-он,ул. Латгалес Латгалес 146,2,33,2/4,Спец. пр.,59000
2025-10-06,Торнякалнс,Виенибас Г. 87A,2,64,1/3,Рекон.,110000
2025-10-06,Агенскалнс,М. Нометню 76,3,49,2/2,Рекон.,122000
2025-10-06,центр,Лачплеша 36,1,29,5/5,Рекон.,105120
2025-10-06,р-он,ул. Латгалес Латгалес 146,1,30,1/1,Нов.,47000
2025-10-06,Югла,Бривибас 359,2,41,3/5,Хрущ.,40000
2025-10-06,р-он,ул. Латгалес Латгалес 146,1,23,1/4,Нов.,39900
2025-10-06,р-он,ул. Латгалес Латгалес 146,2,29,4/4,Нов.,49000
2025-10-06,р-он,ул. Латгалес Латгалес 146,1,30,1/1,Спец. пр.,49000
2025-10-06,р-он,ул. Латгалес Латгалес 146,1,20,4/4,Нов.,43000
2025-10-06,р-он,ул. Латгалес Латгалес 146,1,24,1/4,Нов.,48000
2025-10-06,Зиепниеккалнс,Тадайкю 1,3,62,4/5,Лит. пр.,54200
2025-10-06,Пурвциемс,Марса Г. 12,3,68,1/5,Лит. пр.,79999
2025-10-06,Золитуде,Грамздас 17,1,46,7/9,119-я,54500
2025-10-06,Межциемс,Гайльэзера 13,3,87,4/9,Нов.,225000
2025-10-06,центр,Матиса 35,2,77,5/6,Рекон.,205000
2025-10-06,Плявниеки,Руденс 3,4,78,2/9,602-я,65500
2025-10-06,Агенскалнс,Ранькя Д. 31,1,26,2/4,Рекон.,86900
2025-10-06,центр,Лиенес 25a,2,56,2/5,Дов. дом,50000
2025-10-06,Ильгюциемс,Лилияс 15a,2,41,5/5,Хрущ.,42500
2025-10-06,центр,Краста 27,1,59,2/3,Нов.,158500
2025-10-06,Зиепниеккалнс,Виенибас Г. 186a,3,81,4/5,Нов.,152000
2025-10-06,Агенскалнс,Ранькя Д. 34,3,102,10/22,Нов.,243000
2025-10-06,центр,Стрелниеку 5,3,108,3/7,Нов.,510000
2025-10-06,центр,Весетас 34,3,80,5/12,Чеш. пр.,142000
2025-10-06,центр,Стрелниеку 8,5,160,5/7,Нов.,542000
2025-10-06,Торнякалнс,Вея 33,3,67,3/3,Нов.,170000
2025-10-06,Торнякалнс,Вея 33,2,52,1/3,Нов.,109700
2025-10-06,центр,Валдемара 23,6,253,6/6,Дов. дом,435000
2025-10-06,Торнякалнс,Вея 33,3,61,2/3,Нов.,147400
2025-10-06,Торнякалнс,Вея 33,3,67,2/3,Нов.,167250
2025-10-06,Торнякалнс,Вея 33,3,52,2/3,Нов.,123350
2025-10-06,Агенскалнс,Вея 33,3,60,3/3,Нов.,150000
2025-10-06,Агенскалнс,Вея 33,3,52,2/3,Нов.,123350
2025-10-06,Агенскалнс,Ранькя Д. 31,1,37,2/4,Рекон.,99900
2025-10-06,Зиепниеккалнс,Баускас 14,2,52,1/3,Нов.,109700
2025-10-06,Зиепниеккалнс,Баускас 14,3,62,1/3,Нов.,137900
2025-10-06,центр,Стабу 61,2,54,1/6,Дов. дом,112000
2025-10-06,Плявниеки,Плявниеку 9,1,54,4/9,Нов.,108000
2025-10-06,центр,Ганибу Д. 15A,1,39,4/5,Рекон.,60500
2025-10-06,Тейка,Земгала 60,2,60,1/3,Дов. дом,86000
2025-10-06,Плявниеки,Сахарова 3,4,76,9/9,602-я,85000
2025-10-06,Плявниеки,Салнас 14,4,76,9/9,602-я,69000
2025-10-06,Межциемс,Друвиенас 36,1,31,7/9,602-я,33000
2025-10-06,центр,Валдемара 39,3,89,1/6,Дов. дом,115000
2025-10-06,Агенскалнс,Агенскална 22,1,30,3/5,Хрущ.,49000
2025-10-06,р-он,ул. Латгалес Лаувас 7,2,43,1/4,Рекон.,84958
2025-10-06,Кенгарагс,Прушу 19/2,2,43,3/4,Хрущ.,36000
2025-10-06,Даугавгрива,Парадес 2,2,46,5/5,103-я,33000
2025-10-06,центр,Валдемара 39,4,89,1/6,Дов. дом,115000
2025-10-06,Агенскалнс,Веца Юрмалас г. 1b,3,75,7/12,Чеш. пр.,68000
2025-10-06,центр,Риепниеку 4,1,37,5/5,Сталинка,73000
2025-10-06,Агенскалнс,М. Нометню 3,1,33,4/6,Спец. пр.,56800
2025-10-06,центр,Стабу 15,2,65,5/5,Сталинка,200000
2025-10-06,Дзегужкалнс,Усмас 19,2,58,3/7,Нов.,135000
2025-10-06,Саркандаугава,Саркандаугавас 33,1,27,3/6,Дов. дом,14970
2025-10-06,Агенскалнс,М. Нометню 75,3,63,3/4,Дов. дом,99900
2025-10-06,центр,Бривибас 139,3,107,4/4,Рекон.,190000
2025-10-06,Пурвциемс,Марциенас 15,2,58,8/16,104-я,77000
2025-10-06,Межциемс,Межциема 11,3,68,5/5,Лит. пр.,44500
2025-10-06,Зиепниеккалнс,Ислицес 5,2,61,5/10,119-я,95000
2025-10-06,Иманта,Курземес пр. 84,2,54,7/9,602-я,54000
2025-10-06,р-н,ул.Краста Латгалес 153A,1,20,5/6,Дов. дом,25500
2025-10-06,р-он,ул. Латгалес Лаувас 7,3,65,3/4,Рекон.,125000
2025-10-06,Кенгарагс,Локомотивес 74,1,31,4/5,Лит. пр.,29000
2025-10-06,Пурвциемс,Унияс 74,3,95,2/4,Нов.,168800
2025-10-06,Даугавгрива,Плекснес 6,1,39,1/5,М. сем.,22700
2025-10-06,Саркандаугава,Патверсмес 5 k 1,1,30,2/5,Дов. дом,29000
2025-10-06,центр,Чака 72,5,317,4/4,Нов.,700000
2025-10-06,центр,Элизабетес 39,3,104,3/7,Нов.,585000
2025-10-06,Агенскалнс,Ауцес 10,3,82,2/4,Дов. дом,180000
2025-10-06,Иманта,Даммес 4,3,62,4/9,602-я,53500
2025-10-06,центр,Стабу 105,2,44,3/6,Дов. дом,79800
2025-10-06,Золитуде,Лейиня 6,4,94,2/10,119-я,95000
2025-10-06,Шампетерис-Плескодале,Лиелирбес 11,3,93,1/24,Нов.,159000
2025-10-06,Иманта,Анниньмуйжас 7,3,101,1/13,Спец. пр.,155000
2025-10-06,Межапарк,Виестура пр. 12,3,60,6/9,467-я,72000
2025-10-06,Берги,Вейдзирнаву 9,1,25,1/1,Дов. дом,8000
2025-10-06,Агенскалнс,Лудвикя 2,2,32,1/4,Рекон.,88205
2025-10-06,Болдерая,Стурманю 5,3,68,5/5,Лит. пр.,61400
2025-10-06,центр,Бривибас 19,4,144,6/6,Рекон.,394000
2025-10-06,центр,Бривибас 19,3,90,6/6,Рекон.,299750
2025-10-06,центр,Матиса 123,2,80,2/2,Дов. дом,33000
2025-10-06,Кенгарагс,Малтас 99,2,50,3/5,Лит. пр.,62000
2025-10-06,центр,Бривибас 66,3,92,5/6,Сталинка,197000
2025-10-06,Иманта,Курземес пр. 118,2,51,8/9,602-я,45000
2025-10-06,Мангали,Морес 21,2,47,1/4,Нов.,83500
2025-10-06,Гризинькалнс,Таллинас 96,2,60,2/2,Рекон.,76980
2025-10-06,центр,Дзирнаву 53,3,120,4/5,Рекон.,445300
2025-10-06,центр,Элияс 26,2,33,6/6,Нов.,79900
2025-10-06,Зиепниеккалнс,Ливциема 57,2,50,5/9,602-я,52300
2025-10-06,р-н,ул.Краста Латгалес 190,1,32,9/9,Нов.,105000
2025-10-06,Шампетерис-Плескодале,Лиелирбес 13,2,68,16/30,Нов.,130000
2025-10-06,Иманта,Акацию 2F,2,51,6/9,Нов.,132380
2025-10-06,центр,Базницас 7,1,166,6/6,Дов. дом,240000
2025-10-06,р-он,ул. Латгалес Екабпилс 16,1,23,1/3,Спец. пр.,16777
2025-10-06,Гризинькалнс,Звайгжню 21,3,55,3/6,Дов. дом,70656
2025-10-06,центр,Гертрудес 14,2,48,6/6,Дов. дом,95000
2025-10-06,центр,Красотаю 13,2,49,2/5,Рекон.,103451
2025-10-06,центр,Ханзас 4,3,75,4/6,Дов. дом,130000
2025-10-06,Агенскалнс,Сабилес 4,2,37,1/2,Дов. дом,40000
2025-10-06,Пурвциемс,Виршу 13,1,45,1/12,104-я,48000
2025-10-06,Плявниеки,Дзеню 3,3,63,1/9,602-я,82000
2025-10-06,центр,Марияс 4,2,30,4/5,Рекон.,149200
2025-10-06,Вецрига,Алдару 12/14,2,47,1/3,Дов. дом,118000
2025-10-06,Гризинькалнс,Алаукста 12,1,18,5/5,Дов. дом,28800
2025-10-06,центр,Таллинас 75,1,25,3/3,Дов. дом,23000
2025-10-06,Агенскалнс,Лиелирбес 9A,2,24,1/4,Рекон.,61500
2025-10-06,центр,Матиса 58,2,40,3/3,Дов. дом,47000
2025-10-06,центр,Элияс 26,3,67,6/6,Нов.,154900
2025-10-06,центр,Бривибас 181,2,42,5/5,Хрущ.,59000
2025-10-06,Агенскалнс,Калнциема 42,3,87,1/3,Дов. дом,115000
2025-10-06,Агенскалнс,Лиелирбес 9A,2,44,4/4,Рекон.,103500
2025-10-06,центр,Краста 27,3,59,2/3,Нов.,165000
2025-10-06,центр,Краста 27,1,28,2/3,Нов.,75200
2025-10-06,Пурвциемс,Стирну 22,2,38,2/5,Спец. пр.,51600
2025-10-06,Шампетерис-Плескодале,Лиелирбес 9a,1,26,1/4,Рекон.,68500
2025-10-06,Шампетерис-Плескодале,Стендес 1k3,2,43,1/4,Хрущ.,42000
2025-10-06,Агенскалнс,Лиелирбес 9a,3,47,2/4,Рекон.,119500
2025-10-06,Плявниеки,Салнас 21,2,45,8/9,Нов.,75000
2025-10-06,Кенгарагс,Латгалес 301,1,35,9/12,Чеш. пр.,42500
2025-10-06,Межапарк,Эзермалас 4,2,20,1/5,Рекон.,27738
2025-10-06,Плявниеки,Павасара г. 6,3,64,2/9,602-я,67000
2025-10-06,Плявниеки,Ю. Вациеша 12,2,50,3/9,602-я,55000
2025-10-06,Вецмилгравис,Калнгалес 11,1,40,3/9,М. сем.,35000
2025-10-06,р-н,ул.Краста Латгалес 65,1,30,2/5,Спец. пр.,48500
2025-10-06,Агенскалнс,Рододендру 12,2,41,1/4,Хрущ.,48000
2025-10-06,центр,Иерочу 1,3,87,3/5,Сталинка,169000
2025-10-06,центр,Блауманя 11/13,5,156,5/5,Дов. дом,255000
2025-10-06,Тейка,Джутас 13,2,53,5/5,103-я,75000
2025-10-06,центр,Миера 74,2,42,8/8,Спец. пр.,87000
2025-10-06,центр,Гертрудес 69,5,170,6/7,Рекон.,220000
2025-10-06,р-он,ул. Латгалес Латгалес 151,2,38,1/2,Дов. дом,16000
2025-10-06,Плявниеки,Деглава 152 k-3,2,52,6/9,602-я,59800
2025-10-06,Вецрига,Пелду 24,2,47,4/4,Рекон.,117000
2025-10-06,центр,Бривибас 105,5,160,3/4,Дов. дом,490000
2025-10-06,центр,Звайгжню 21,2,27,2/5,Рекон.,63600
2025-10-06,Гризинькалнс,Звайгжню 21,1,24,4/6,Дов. дом,29824
2025-10-06,Гризинькалнс,Звайгжню 21,2,36,2/5,Рекон.,85440
2025-10-06,Вецмилгравис,Сниега 2/2,2,51,5/5,Лит. пр.,34000
2025-10-06,центр,Спорта 3,5,237,4/5,Дов. дом,304500
2025-10-06,Плявниеки,Купричу 1B,3,72,5/6,Нов.,190000
2025-10-06,центр,Акас 8,2,76,2/5,Дов. дом,220000
2025-10-06,Пурвциемс,Дзелзавас 74C,4,77,3/13,Нов.,207700
2025-10-06,Плявниеки,Плявниеку 6,3,63,2/9,602-я,77500
2025-10-06,центр,Эвелес 4,3,64,2/4,Рекон.,164500
2025-10-06,центр,Лачплеша 72,3,58,2/2,Дов. дом,63800
2025-10-06,Иманта,Анниньмуйжас 41,3,94,8/21,Нов.,190000
2025-10-06,центр,Менесс 14,1,24,1/3,Дов. дом,32000
2025-10-06,центр,Эвелес 4,3,63,2/4,Дов. дом,164500
2025-10-06,центр,Меркеля 8,2,45,3/3,Спец. пр.,79500
2025-10-06,Пурвциемс,Деглава 108/6,1,44,2/9,119-я,51500
2025-10-06,Иманта,Курземес пр. 118,2,49,7/9,602-я,49000
2025-10-06,р-он,ул. Латгалес Даугавпилс 48a,2,43,5/6,Дов. дом,30000
2025-10-06,Югла,Мурьяню 151,2,52,2/4,Нов.,130000
2025-10-06,Агенскалнс,Смильгя 29,3,71,2/3,Нов.,210600
2025-10-06,Вецрига,Шкюню 13,4,98,2/5,Дов. дом,279000
2025-10-06,Межапарк,Виестура пр. 79,2,64,1/3,Сталинка,75000
2025-10-06,Вецрига,Скарню 7,-,124,6/6,Дов. дом,129000
2025-10-06,центр,Садовникова 22,2,35,1/4,Рекон.,74000
2025-10-06,центр,Бривибас 114,4,89,3/6,Дов. дом,117000
2025-10-06,Кенгарагс,Саласпилс 8,1,33,1/12,Спец. пр.,33000
2025-10-06,центр,Алаукста 7,2,33,1/2,Рекон.,145000
2025-10-06,центр,Алаукста 7,3,45,2/4,Рекон.,160000
2025-10-06,центр,Заля 4,3,94,5/7,Спец. пр.,186000
2025-10-06,центр,Валдемара 34,2,32,2/6,Рекон.,79000
2025-10-06,Агенскалнс,Баложу 8,3,47,2/2,Дов. дом,35000
2025-10-06,Золитуде,Золитудес 75,1,47,2/6,Нов.,86000
2025-10-06,Ильгюциемс,Лилияс 15 k-2,3,53,5/5,Хрущ.,48000
2025-10-06,центр,Чака 52,5,120,4/5,Рекон.,179000
2025-10-06,центр,Элизабетес 57,4,122,3/5,Дов. дом,210000
2025-10-06,центр,Базницас 45,5,172,4/5,Дов. дом,285000
2025-10-06,Кенгарагс,"Латгалес 268 k, 5",3,60,2/5,Лит. пр.,58500
2025-10-06,Биерини,Лиепаяс 37c,4,89,2/4,Нов.,220500
2025-10-06,Кенгарагс,Расас 4,2,39,1/5,Лит. пр.,42990
2025-10-06,Золитуде,Лейиня 20,3,75,2/9,119-я,71000
2025-10-06,центр,Стабу 21,4,125,3/6,Дов. дом,295000
2025-10-06,Плявниеки,Сахарова 5,2,52,5/9,602-я,57000
2025-10-06,Зиепниеккалнс,Озолциема 22 k-2,4,95,5/10,119-я,120000
2025-10-06,центр,Петерсалас 2,2,22,1/5,Дов. дом,44000
2025-10-06,центр,Дарзауглю 1,4,110,6/6,Нов.,182000
2025-10-06,Гризинькалнс,Дарзауглю 1,4,110,6/6,Нов.,182000
2025-10-06,Дзегужкалнс,Буллю 21,1,31,5/5,Хрущ.,27800
2025-10-06,Плявниеки,Каудзишу 22,3,63,8/9,602-я,64000
2025-10-06,Тейка,Бривибас 201,3,76,3/5,Рекон.,159900
2025-10-06,Тейка,Бривибас 201,2,38,5/5,Нов.,82500
2025-10-06,Дзегужкалнс,Уденс 12,3,107,3/5,Нов.,190000
2025-10-06,центр,Валдемара 49,4,82,2/3,Дов. дом,200000
2025-10-06,центр,Спаргелю 10,2,44,2/4,Рекон.,114900
2025-10-06,центр,Спаргелю 10,1,25,1/4,Рекон.,64900
2025-10-06,центр,Беньяминяс 10,4,96,3/5,Дов. дом,156000
2025-10-06,центр,Аусекля 7,5,178,6/6,Рекон.,630000
2025-10-06,центр,Чака 49,3,104,6/6,Дов. дом,250000
2025-10-06,Иманта,Курземес пр. 106,1,33,3/9,602-я,54500
2025-10-06,Кенгарагс,Латгалес 214,2,49,1/9,467-я,39500
2025-10-06,центр,Пулкв. Бриежа 9,5,120,3/3,Дов. дом,196000
2025-10-06,Засулаукс,Калнциема 76,2,60,1/2,Дов. дом,42000
2025-10-06,Зиепниеккалнс,Вадакстес 17,1,34,1/5,103-я,39000
2025-10-06,Агенскалнс,Ранькя Д. 9,3,71,2/6,Нов.,174000
2025-10-06,центр,Бривибас 90,3,115,6/6,Дов. дом,190000
2025-10-06,Болдерая,Спайлес 8,1,36,2/2,Дов. дом,13000
2025-10-06,Кенгарагс,Прушу 19,1,31,4/4,Хрущ.,35000
2025-10-06,Кенгарагс,Саласпилс 12-k-3,3,60,3/5,Лит. пр.,64800
2025-10-06,Агенскалнс,Смильгя 20a,2,42,5/6,Дов. дом,105000
2025-10-06,Пурвциемс,Кегума 45,1,39,5/5,М. сем.,28000
2025-10-06,Гризинькалнс,Таллинас 96,4,76,1/2,Рекон.,139650
2025-10-06,центр,Тербатас 93,6,223,6/6,Дов. дом,298000
2025-10-06,центр,Виландес 7,4,116,3/5,Рекон.,250000
2025-10-06,Агенскалнс,Кристапа 2,4,89,1/2,Рекон.,230000
2025-10-06,Иманта,Курземес пр. 56,3,55,5/5,Лит. пр.,47500
2025-10-06,Ильгюциемс,Риексту 13,3,67,3/5,Лит. пр.,69000
2025-10-06,Агенскалнс,Ранькя Д. 34,3,95,6/22,Нов.,206800
2025-10-06,Пурвциемс,Илукстес 103k1,2,49,7/9,467-я,47000
2025-10-06,Агенскалнс,Балдонес 15,4,82,2/2,Дов. дом,137000
2025-10-06,Шампетерис-Плескодале,Лиелирбес 11,4,125,18/25,Нов.,389000
2025-10-06,Болдерая,Силикату 14,1,29,2/3,Хрущ.,26600
2025-10-06,Шампетерис-Плескодале,Лиелирбес 13,3,90,17/30,Нов.,167000
2025-10-06,центр,Бривибас 146,1,34,5/5,Рекон.,43940
2025-10-06,Вецмилгравис,Зиемельблазмас 46,1,41,9/9,М. сем.,36500
2025-10-06,р-н,ул.Краста Латгалес 222,2,54,3/4,Сталинка,63000
2025-10-06,Ильгюциемс,Балта 2,2,50,3/3,Хрущ.,43900
2025-10-06,Зиепниеккалнс,Путну 43,4,82,1/3,Нов.,212000
2025-10-06,центр,Валдемара 57/59,5,109,4/7,Дов. дом,245000
2025-10-06,Шампетерис-Плескодале,Лиелирбес 15,1,33,6/30,Нов.,97669
2025-10-06,центр,Гертрудес 30,4,140,4/6,Дов. дом,240000
2025-10-06,Дарзциемс,Ситас 48,1,40,3/5,М. сем.,37000
2025-10-06,Плявниеки,Павасара г. 6,5,90,1/9,602-я,95000
2025-10-06,центр,Дайнас 10A,2,41,2/7,Нов.,139990
2025-10-06,Шампетерис-Плескодале,Лиелирбес 15,1,37,3/30,Нов.,105619
2025-10-06,Шампетерис-Плескодале,Лиелирбес 15,1,33,6/30,Нов.,101861
2025-10-06,Шампетерис-Плескодале,Лиелирбес 15,1,33,3/30,Нов.,95247
2025-10-06,Агенскалнс,Крузес 47,2,44,1/2,Рекон.,70500
2025-10-06,Агенскалнс,Смильгя 29,3,60,2/3,Нов.,177900
2025-10-06,Болдерая,Межрозишу 6,1,30,2/2,Дов. дом,7380
2025-10-06,центр,Звайгжню 31,1,31,2/3,Дов. дом,29780
2025-10-06,Даугавгрива,Парадес 1B,2,47,1/2,Дов. дом,16980
2025-10-06,Тейка,Ропажу 93,1,29,2/2,Дов. дом,14980
2025-10-06,центр,Катринас Д. 24k3,2,37,1/2,Спец. пр.,38580
2025-10-06,Югла,Силциема 15 - 14,2,47,4/5,Хрущ.,45000
2025-10-06,Пурвциемс,Унияс 7,1,27,2/2,Дов. дом,15888
2025-10-06,Золитуде,Грамздас 17,2,59,4/9,119-я,59500
2025-10-06,Ильгюциемс,Вильняс 3,4,80,2/3,Дов. дом,36680
2025-10-06,Зиепниеккалнс,Озолциема 41,4,77,4/9,602-я,77000
2025-10-06,р-н,ул.Краста Латгалес 219,1,22,2/2,Дов. дом,5280
2025-10-06,Агенскалнс,Калнциема 81,1,30,1/2,Спец. пр.,24890
2025-10-06,центр,Латгалес 108,1,17,2/2,Спец. пр.,10480
2025-10-06,центр,Матиса 82a,2,46,1/2,Дов. дом,23570
2025-10-06,Гризинькалнс,Алаукста 9,1,44,4/7,Нов.,89000
2025-10-06,Вецмилгравис,Мелдру 10,1,12,4/4,М. сем.,12500
2025-10-06,Вецмилгравис,Балтасбазницас 44,3,66,2/3,Спец. пр.,58000
2025-10-06,Кенгарагс,Кенгарага 8a,3,63,5/5,Нов.,175000
2025-10-06,Тейка,Вайрога 29,1,34,2/5,103-я,57500
2025-10-06,центр,Стабу 84,2,50,2/4,Дов. дом,99000
2025-10-06,центр,Бривибас 227,1,34,2/5,103-я,57500
2025-10-06,Тейка,Лаймдотас 38,2,44,2/4,Нов.,129150
2025-10-06,Тейка,Лаймдотас 38A,4,85,2/4,Нов.,252525
2025-10-06,Тейка,Лаймдотас 38A,3,71,3/4,Нов.,210000
2025-10-06,Пурвциемс,Унияс 74a,2,45,5/5,Лит. пр.,58000
2025-10-06,центр,Сколас 17,3,100,3/7,Нов.,339000
2025-10-06,Пурвциемс,Дзелзавас 74C,3,63,4/13,Нов.,163500
2025-10-06,центр,Госпиталю 8,4,107,2/6,Спец. пр.,190000
2025-10-06,Кенгарагс,Авиацияс 1,2,38,2/5,Лит. пр.,39500
2025-10-06,центр,Базницас 37,5,131,5/5,Дов. дом,179000
2025-10-06,Дзегужкалнс,Яунсаулес 18,1,26,1/2,Дов. дом,17900
2025-10-06,Кенгарагс,Вишкю 23,3,61,4/5,Лит. пр.,43500
2025-10-06,центр,Лачплеша 129,3,74,3/5,Дов. дом,164000
2025-10-06,р-он,ул. Латгалес Краславас 22,2,42,3/5,Рекон.,75000
2025-10-06,Тейка,Кауказа 11,2,52,1/4,Нов.,165440
2025-10-06,центр,Бривибас 161,2,42,3/5,Рекон.,125000
2025-10-06,центр,Бривибас 19,3,90,6/6,Рекон.,299750
2025-10-06,Вецмилгравис,Вецмилгравья 1 л. 26,2,51,1/5,Лит. пр.,48000
2025-10-06,центр,Пернавас 41,3,78,5/6,Дов. дом,246645
2025-10-06,Вецрига,Алдару 12/14,2,56,3/3,Дов. дом,140000
2025-10-06,центр,Тимотея 1,2,59,4/4,Дов. дом,88500
2025-10-06,центр,Сколас 22a,4,114,5/6,Дов. дом,320000
2025-10-06,Агенскалнс,Ранькя Д. 34,4,129,19/23,Нов.,515200
2025-10-06,Плявниеки,Салнас 5,2,51,8/9,602-я,48500
2025-10-06,Плявниеки,Дравниеку 3 K-1,3,71,2/10,Нов.,149503
2025-10-06,Югла,Бакужу 13a,3,94,2/3,Рекон.,175000
2025-10-06,Межциемс,Веца Бикерниеку 35,3,85,2/4,Нов.,175000
2025-10-06,Югла,Мурьяню 52,2,46,4/5,Лит. пр.,43500
2025-10-06,центр,Стабу 52B,1,34,4/4,Дов. дом,42000
2025-10-06,Вецрига,Вальню 21,3,84,3/6,Рекон.,190000
2025-10-06,центр,Казарму 2,5,135,5/6,Рекон.,235000
2025-10-06,Югла,Бривибас 357,1,31,2/5,Хрущ.,35000
2025-10-06,центр,Лачплеша 129,3,74,3/5,Дов. дом,164000
2025-10-06,центр,Стабу 19,2,48,3/6,Рекон.,120000
2025-10-06,Тейка,Бривибас 281,5,112,5/5,Спец. пр.,167000
2025-10-06,Кенгарагс,Аглонас 26,3,55,3/5,Лит. пр.,52900
2025-10-06,Тейка,Бривибас 357,1,31,2/5,Хрущ.,35000
2025-10-06,Кенгарагс,Латгалес 291 k-1,2,45,2/5,Лит. пр.,49990
2025-10-06,Кенгарагс,Прушу 22/1,2,44,4/5,Хрущ.,53500
2025-10-06,Кенгарагс,Аглонас 33,3,53,2/5,Хрущ.,58990
2025-10-06,Кенгарагс,Латгалес 285k1,3,61,3/5,Лит. пр.,52900
2025-10-06,Плявниеки,Каудзишу 22,3,63,8/9,602-я,69990
2025-10-06,Югла,Юглас 39,2,43,1/5,Хрущ.,43000
2025-10-06,Иманта,Зентенес 4,2,50,1/5,Лит. пр.,49900
2025-10-06,Тейка,Унияс 7a,1,25,1/2,Рекон.,18100
2025-10-06,Пурвциемс,Стирну 43,3,60,5/5,Лит. пр.,53900
2025-10-06,Агенскалнс,Пукю 6,3,63,1/3,Рекон.,159888
2025-10-06,р-он,ул. Латгалес Латгалес 88,3,72,1/5,Дов. дом,35200
2025-10-06,Тейка,Апес 10,3,68,2/3,Дов. дом,135000
2025-10-06,Югла,Бривибас 410A,1,36,6/12,Спец. пр.,47500
2025-10-06,Агенскалнс,Кристапа 2,3,56,2/2,Рекон.,165000
2025-10-06,Агенскалнс,Кристапа 2,3,83,2/2,Рекон.,240000
2025-10-06,Агенскалнс,Валентина 16,3,64,1/3,Нов.,128000
2025-10-06,центр,Бирзниека-Упиша 15,4,118,1/2,Рекон.,198000
2025-10-06,Вецмилгравис,Вецмилгравья 1 л. 46,2,41,1/2,Сталинка,34500
2025-10-06,Агенскалнс,Ранькя Д. 31,1,25,3/4,Рекон.,49000
2025-10-06,Межциемс,Эйзенштейна 19,2,49,2/5,Лит. пр.,62500
2025-10-06,Торнякалнс,Узварас бульв. 4,2,88,2/2,Дов. дом,140000
2025-10-06,Югла,Малиенас 78,3,59,5/5,Лит. пр.,46990
2025-10-06,центр,Красотаю 13,2,52,3/5,Рекон.,125700
2025-10-06,Гризинькалнс,Красотаю 13,2,52,3/5,Рекон.,125700
2025-10-06,Зиепниеккалнс,Виенибас Г. 192,4,122,7/7,Нов.,250000
2025-10-06,Дарзциемс,Румбулас 18,3,66,5/5,103-я,87000
2025-10-06,Пурвциемс,Стирну 22,1,38,3/5,Спец. пр.,46000
2025-10-06,Иманта,Талавас Г. 9,3,61,2/5,Лит. пр.,58000
2025-10-06,центр,Алунана 6,2,39,2/4,Дов. дом,190000
2025-10-06,Плявниеки,Лубанас 43 k-3,2,49,2/2,Сталинка,34999
2025-10-06,Тейка,Бикерниеку 75,3,131,5/5,Спец. пр.,155000
2025-10-06,Кенгарагс,Авиацияс 9,2,50,5/5,Лит. пр.,30000
2025-10-06,Плявниеки,Ясмуйжас 18k1,2,57,2/9,Нов.,105000
2025-10-06,центр,Сколас 17,3,61,2/7,Нов.,199750
2025-10-06,Даугавгрива,Лепью 17,3,72,1/5,Спец. пр.,70270
2025-10-06,Чиекуркалнс,Вискалю 18,6,179,3/3,Сталинка,110000
2025-10-06,центр,Таллинас 96,2,60,2/2,Рекон.,76980
2025-10-06,Ильгюциемс,Вайделотес 23,2,45,5/5,Хрущ.,40500
2025-10-06,Агенскалнс,Калнциема 23A,4,53,1/2,Дов. дом,210000
2025-10-06,Тейка,Вийциема 8,1,19,1/4,Рекон.,48750
2025-10-06,Вецрига,Алдару 11,2,41,2/5,Дов. дом,122000
2025-10-06,центр,Валдемара 106,3,82,1/1,Сталинка,100000
2025-10-06,Вецмилгравис,Мелдру 6,2,44,4/5,Хрущ.,45000
2025-10-06,центр,Пулкв. Бриежа 15,3,42,7/7,Рекон.,117600
2025-10-06,Золитуде,Русес 1,1,46,8/9,119-я,44000
2025-10-06,Зиепниеккалнс,Валдекю 66/2,3,63,1/9,602-я,65000
2025-10-06,Саркандаугава,Гауенас 3a,1,34,1/2,Дов. дом,24800
2025-10-06,Тейка,Бривибас 201,2,57,3/5,Нов.,121900
2025-10-06,центр,Сколас 14,4,169,6/6,Дов. дом,400000
2025-10-06,Тейка,Бривибас 201,3,84,2/5,Нов.,165900
2025-10-06,Тейка,Бривибас 201,2,38,4/5,Нов.,79500
2025-10-06,центр,Катринас Д. 22,2,48,2/4,Сталинка,73000
2025-10-06,Болдерая,Лиелупес 68,3,54,4/5,Лит. пр.,39000
2025-10-06,Кенгарагс,Прушу 21k2,1,18,2/4,М. сем.,25000
2025-10-06,Плявниеки,Земес 9,1,42,1/9,М. сем.,46500
2025-10-06,р-н,ул.Краста Салацас 32,3,59,9/9,467-я,52000
2025-10-06,Иманта,Курземес пр. 124,4,74,7/9,602-я,85000
2025-10-06,Гризинькалнс,Терезес 8,2,52,1/5,Рекон.,78000
2025-10-06,Кенгарагс,Расас 4,2,50,5/5,Лит. пр.,38500
2025-10-06,Агенскалнс,Лиелирбес 9A,1,32,1/4,Рекон.,75500
2025-10-06,Даугавгрива,Бирзес 40,2,46,5/5,103-я,33000
2025-10-06,центр,Лачплеша 118,1,29,5/5,Дов. дом,44900
2025-10-06,Болдерая,Финиера 7,2,46,5/5,103-я,25000
2025-10-06,центр,Валдемара 69,1,20,1/5,Рекон.,69900
2025-10-06,центр,Ганибу Д. 13,3,65,1/5,103-я,86000
2025-10-06,Агенскалнс,Зеллю 15,1,25,1/2,Дов. дом,29500
2025-10-06,центр,Гертрудес 22,5,203,5/6,Дов. дом,330000
2025-10-06,Тейка,Палму 11,3,67,1/5,Спец. пр.,87000
2025-10-06,Золитуде,Биезиня 3,2,60,1/9,119-я,70000
2025-10-06,Межапарк,Эзермалас 2a,2,45,4/12,Чеш. пр.,69000
2025-10-06,Вецрига,Грециниеку 11,3,135,6/7,Сталинка,285000
2025-10-06,центр,Барона 120A,2,34,1/2,Дов. дом,29000
2025-10-06,центр,Элизабетес 12,2,59,5/5,Рекон.,149000
2025-10-06,центр,Марияс 14A,1,20,4/6,Рекон.,54440
2025-10-06,центр,Марияс 14A,2,31,6/6,Рекон.,96720
2025-10-06,Иманта,Слокас 173,3,67,2/5,Лит. пр.,90000
2025-10-06,Зиепниеккалнс,Залениеку 22,1,29,5/5,Хрущ.,31500
2025-10-06,центр,Весетас 26,2,45,1/10,Нов.,157500
2025-10-06,Тейка,Иерикю 50,2,56,1/3,Сталинка,49000
2025-10-06,Шампетерис-Плескодале,Волгунтес 16b,5,115,1/2,Дов. дом,95000
2025-10-06,Межциемс,Бикерниеку 160-k13,3,70,4/5,Нов.,145000
2025-10-06,центр,Садовникова 17,2,44,5/5,Дов. дом,52800
2025-10-06,Пурвциемс,Кегума 43,1,39,4/5,М. сем.,45950
2025-10-06,Вецмилгравис,Мелидас 1,1,42,3/5,М. сем.,58500
2025-10-06,Югла,Квелес 37,1,30,3/5,Лит. пр.,46000
2025-10-06,центр,Ганибу Д. 15,3,78,1/5,Дов. дом,66500
2025-10-06,р-он,ул. Латгалес Латгалес 174,1,30,2/2,Дов. дом,16900
2025-10-06,центр,Катринас Д. 17,3,192,6/6,Нов.,235000
2025-10-06,центр,Красотаю 15,2,38,1/2,Дов. дом,30000
2025-10-06,центр,Базницас 39,4,137,2/5,Рекон.,494000
2025-10-06,Золитуде,Анниньмуйжас 13,4,183,11/12,Нов.,275000
2025-10-06,Зиепниеккалнс,Илмаяс 15,2,47,5/5,103-я,61950
2025-10-06,Тейка,Кегума 2,3,74,2/2,Дов. дом,108000
2025-10-06,центр,Весетас 32,1,33,4/9,602-я,52000
2025-10-06,центр,Лачплеша 65,3,90,5/6,Дов. дом,174500
2025-10-06,центр,Лачплеша 65,3,91,5/6,Дов. дом,174500
2025-10-06,центр,Марияс 23,4,116,2/6,Дов. дом,168000
2025-10-06,Золитуде,Русес 5,3,75,8/9,119-я,71500
2025-10-06,Межапарк,Эзермалас 13,3,79,3/5,Нов.,157000
2025-10-06,Пурвциемс,Пуцес 47,4,100,1/8,Нов.,165000
2025-10-06,Межциемс,Хипократа 13,2,56,4/16,104-я,62000
2025-10-06,Пурвциемс,Виршу 1,4,90,7/9,119-я,102000
2025-10-06,центр,Цесу 32,1,29,3/3,Дов. дом,24867
2025-10-06,Шампетерис-Плескодале,Лиелирбес 9a,1,24,1/4,Рекон.,61500
2025-10-06,Кенгарагс,Латгалес 307,2,51,5/5,Лит. пр.,38550
2025-10-06,Пурвциемс,Дзелзавас 74C,3,66,2/13,Нов.,160300
2025-10-06,Болдерая,Силикату 4,2,64,3/3,Сталинка,58000
2025-10-06,Шампетерис-Плескодале,Лиелирбес 9a,2,45,3/4,Рекон.,103500
2025-10-06,Мангали,Виестура пр. 12,3,60,2/9,467-я,68400
2025-10-06,Вецрига,Пелду 24,3,76,4/4,Рекон.,146000
2025-10-06,Шампетерис-Плескодале,Лиелирбес 9a,3,47,2/4,Рекон.,119500
2025-10-06,Вецрига,Пелду 24,2,51,4/4,Рекон.,115000
2025-10-06,Плявниеки,Ясмуйжас 18/1,3,89,4/10,Нов.,165000
2025-10-06,р-он,ул. Латгалес Лудзас 56 b,3,64,6/6,Рекон.,88000
2025-10-06,Кенгарагс,Прушу 4,3,63,4/5,Нов.,113000
2025-10-06,Пурвциемс,Калснавас 2c,2,58,12/12,104-я,76700
2025-10-06,центр,Меркеля 8,2,45,3/3,Спец. пр.,78000
2025-10-06,Плявниеки,Улброкас 5,1,43,8/9,М. сем.,34000
2025-10-06,Болдерая,Лиела 46,1,36,1/5,Спец. пр.,27500
2025-10-06,Иманта,Анниньмуйжас 38,2,64,2/17,Нов.,116000
2025-10-06,центр,Артилерияс 25,2,40,2/5,Рекон.,92500
2025-10-06,центр,Таллинас 96,3,76,2/2,Рекон.,118850
2025-10-06,Вецрига,Вецпилсетас 3,4,139,1/5,Дов. дом,278000
2025-10-06,центр,Петерсалас 18A,2,43,5/5,Хрущ.,68000
2025-10-06,центр,Матиса 93,2,60,5/5,Дов. дом,69000
2025-10-06,Золитуде,Грамздас 17,3,79,9/9,119-я,67000
2025-10-06,Шампетерис-Плескодале,Стендес 5,2,57,4/5,Нов.,135000
2025-10-06,Пурвциемс,Бранткална 13,1,45,6/9,119-я,56500
2025-10-06,Кенгарагс,Локомотивес 86,1,30,5/5,Лит. пр.,25500
2025-10-06,Иманта,Даммес 1,3,64,6/9,602-я,101000
2025-10-06,Торнякалнс,Берзупес 6,2,42,3/3,Хрущ.,55000
2025-10-06,Иманта,Курземес пр. 104a,2,49,1/5,Лит. пр.,57800
2025-10-06,центр,Бривибас 111 k-5,3,68,1/5,Дов. дом,90000
2025-10-06,центр,Меркеля 2,4,188,5/6,Рекон.,723300
2025-10-06,центр,Миленбаха 1,3,69,3/6,Рекон.,89700
2025-10-06,центр,Меркеля 2,3,56,4/6,Рекон.,201240
2025-10-06,центр,Матиса 31,3,85,3/5,Дов. дом,170000
2025-10-06,Плявниеки,Дравниеку 3 K-3,3,71,9/10,Нов.,159661
2025-10-06,Шампетерис-Плескодале,Лиелирбес 9A,3,47,2/4,Рекон.,119500
2025-10-06,центр,Базницас 35,6,157,1/6,Дов. дом,294000
2025-10-06,Ильгюциемс,Дзирциема 59,3,59,7/9,467-я,65000
2025-10-06,Ильгюциемс,Дзирциема 69,3,75,2/9,467-я,100000
2025-10-06,Кенгарагс,Локомотивес 64,2,49,4/5,Лит. пр.,45000
2025-10-06,Югла,Бривибас 386 k-1,2,50,10/13,Нов.,125000
2025-10-06,Болдерая,Текстилниеку 5,1,35,1/3,Спец. пр.,15500
2025-10-06,центр,Лачплеша 36,1,29,4/5,Нов.,101885
2025-10-06,Вецмилгравис,Калнгалес 8,1,36,2/9,Спец. пр.,23900
2025-10-06,р-он,ул. Латгалес Лудзас 42 k-1,2,44,1/5,Хрущ.,45990
2025-10-06,Кенгарагс,Прушу 3k5,4,60,1/5,Лит. пр.,52500
2025-10-06,Вецмилгравис,Вецмилгравья 1 л. 26,3,56,4/5,Лит. пр.,52000
2025-10-06,Агенскалнс,Кристапа 2,3,56,2/2,Рекон.,165000
2025-10-06,Гризинькалнс,Звайгжню 21,2,29,4/6,Рекон.,69600
2025-10-06,Гризинькалнс,Звайгжню 21,1,21,3/6,Рекон.,49440
2025-10-06,Иманта,Даммес 6,1,35,3/9,602-я,43900
2025-10-06,Чиекуркалнс,Эзермалас 4,2,19,3/5,Рекон.,26772
2025-10-06,центр,Дарзауглю 1,2,74,4/7,Нов.,136000
2025-10-06,центр,Элизабетес 27,3,90,3/4,Дов. дом,205000
2025-10-06,центр,Бривибас 114,3,92,6/6,Дов. дом,117600
2025-10-06,центр,Рупниецибас 25,3,80,4/6,Нов.,280000
2025-10-06,центр,Меркеля 8,2,48,5/5,Дов. дом,85000
2025-10-06,центр,Красотаю 13,1,27,2/5,Рекон.,43000
2025-10-06,Гризинькалнс,Асара 15,1,37,4/4,Дов. дом,60000
2025-10-06,Зиепниеккалнс,Баускас 73/2,3,54,3/5,Спец. пр.,70000
2025-10-06,Чиекуркалнс,Русова 9,3,78,7/7,Нов.,184500
2025-10-06,центр,Пулкв. Бриежа 15,2,48,2/7,Рекон.,143400
2025-10-06,центр,Лачплеша 110,2,65,5/5,Рекон.,125600
2025-10-06,центр,Чака 134,4,97,3/6,Нов.,249500
2025-10-06,Вецмилгравис,Балтасбазницас 34,1,34,5/5,103-я,25500
2025-10-06,Иманта,Курземес пр. 116,2,38,5/5,Лит. пр.,49000
2025-10-06,Кенгарагс,Латгалес 279 k-1,3,61,4/5,Лит. пр.,57500
2025-10-06,центр,Заубес 12,4,132,2/5,Нов.,325000
2025-10-06,Зиепниеккалнс,Валдекю 17,2,49,1/5,Спец. пр.,59800
2025-10-06,Агенскалнс,Марупес 21,2,54,1/5,Спец. пр.,89000
2025-10-06,Кенгарагс,Кенгарага 8c,2,47,5/5,Нов.,115000
2025-10-06,центр,Сканстес 29A,2,67,10/24,Нов.,174000
2025-10-06,центр,Дзирнаву 31,3,90,2/6,Дов. дом,209000
2025-10-06,Тейка,Ваверес 4,4,168,3/3,Нов.,240000
2025-10-06,центр,Марияс 14,2,34,5/6,Рекон.,104160
2025-10-06,Тейка,Кауказа 11,3,79,3/4,Нов.,251520
2025-10-06,Тейка,Кауказа 11,4,132,4/4,Нов.,421120
2025-10-06,Межциемс,Кайвас 50 k-4,2,48,3/5,Нов.,86400
2025-10-06,Межциемс,Кайвас 50 k-4,2,50,1/5,Нов.,84900
2025-10-06,Плявниеки,Дравниеку 3 K-3,2,49,9/10,Нов.,104081
2025-10-06,Плявниеки,Дравниеку 3 K-3,3,69,6/10,Нов.,151993
2025-10-06,центр,Бривибас 148,3,61,6/6,Дов. дом,139000
2025-10-06,Пурвциемс,Сактас 4,3,64,2/9,602-я,88750
2025-10-06,Плявниеки,Дравниеку 3 K-3,1,29,3/10,Нов.,70136
2025-10-06,Плявниеки,Дравниеку 3 K-3,3,65,3/10,Нов.,141776
2025-10-06,Тейка,Вийциема 8,1,19,1/4,Нов.,41525
2025-10-06,Тейка,Вийциема 8,2,31,2/4,Нов.,69800
2025-10-06,Межапарк,Гауяс 63,1,19,1/4,Нов.,41525
2025-10-06,Межапарк,Гауяс 63,2,31,4/4,Нов.,69800
2025-10-06,Межапарк,Гауяс 64,2,28,3/4,Нов.,63300
2025-10-06,Чиекуркалнс,Чиекуркална 7 п. л. 7A,2,31,2/4,Нов.,69800
2025-10-06,Чиекуркалнс,Чиекуркална 7 п. л. 7,1,19,1/4,Нов.,41525
2025-10-06,Кенгарагс,Икшкилес 2,4,77,5/9,467-я,105000
2025-10-06,Плявниеки,Павасара г. 4,3,62,2/9,602-я,94700
2025-10-06,Агенскалнс,Пукю 7,2,71,1/2,Дов. дом,125000
2025-10-06,Пурвциемс,Пуцес 27,2,44,2/2,Хрущ.,45000
2025-10-06,Торнякалнс,Лудвикя 2,2,32,1/3,Рекон.,88205
2025-10-06,Саркандаугава,Целиниеку 14,1,24,3/3,Дов. дом,16700
2025-10-06,центр,Миленбаха 1,3,73,4/6,Рекон.,177000
2025-10-06,Плявниеки,Лубанас 56A,1,36,9/9,602-я,31500
2025-10-06,Плявниеки,Ясмуйжас 9,4,78,2/9,467-я,66000
2025-10-06,Кенгарагс,Каниера 17,2,40,1/3,Дов. дом,59000
2025-10-06,Пурвциемс,Илукстес 107k-3,3,60,3/9,467-я,79800
2025-10-06,Ильгюциемс,Риексту 15,3,67,5/5,Лит. пр.,84800
2025-10-06,центр,Виландес 3,2,123,5/5,Рекон.,189000
2025-10-06,центр,Марияс 8A,4,111,4/5,Дов. дом,196900
2025-10-06,Агенскалнс,Кугю 28,3,134,1/6,Нов.,570000
2025-10-06,Кливерсала,Кугю 28,3,134,1/6,Нов.,570000
2025-10-06,Плявниеки,Руденс 10,1,36,1/9,602-я,47800
2025-10-06,центр,Бривибас 46,2,60,5/6,Рекон.,217000
2025-10-06,центр,Пулкв. Бриежа 15,2,44,2/7,Рекон.,130500
2025-10-06,Шампетерис-Плескодале,Стендес 5,2,53,1/4,Нов.,129000
2025-10-06,Кенгарагс,Латгалес 425,1,33,8/9,467-я,29000
2025-10-06,Ильгюциемс,Скодас 4,2,50,4/5,Лит. пр.,44000
2025-10-06,Кенгарагс,Латгалес 291,2,45,5/5,Лит. пр.,39500
2025-10-06,центр,Лачплеша 125,2,36,2/6,Нов.,81650
2025-10-06,Волери,Волеру 17,2,20,1/1,Спец. пр.,5000
2025-10-06,центр,Гертрудес 22,4,150,3/5,Дов. дом,280250
2025-10-06,центр,Дайнас 10A,3,62,1/7,Нов.,176900
2025-10-06,Агенскалнс,Кугю 15,4,171,6/7,Нов.,675000
2025-10-06,центр,Экспорта 12,5,108,7/7,Рекон.,260000
2025-10-06,центр,Калниня 2,4,118,6/6,Рекон.,230000
2025-10-06,центр,Калпака бульв. 5,6,280,4/4,Рекон.,650000
2025-10-06,р-он,ул. Латгалес Латгалес 119,1,39,2/3,Дов. дом,27000
2025-10-06,центр,Валдемара 23 K-2,6,253,6/6,Рекон.,480000
2025-10-06,Вецрига,Грециниеку 22,5,229,3/5,Дов. дом,510000
2025-10-06,центр,11 ноября наб. 9,4,96,4/7,Нов.,350000
2025-10-06,Торнякалнс,Сатиксмес 3,2,56,5/6,Нов.,112500
2025-10-06,Саркандаугава,Слиежу 1,2,50,3/7,Рекон.,60500
2025-10-06,Золитуде,Грамздас 82,3,102,2/4,Нов.,165000
2025-10-06,Иманта,Слокас 103,1,21,2/2,Спец. пр.,28000
2025-10-06,Иманта,Дубулту 21,3,61,2/5,Лит. пр.,68000
2025-10-06,Пурвциемс,Марциенас 6,3,76,6/9,119-я,67000
2025-10-06,центр,Марияс 8A,2,55,2/5,Дов. дом,97500
2025-10-06,Иманта,Прогреса 8,2,49,5/5,Лит. пр.,50000
2025-10-06,центр,Весетас 8,5,151,7/7,Спец. пр.,180000
2025-10-06,центр,Валмиерас 39B,3,52,2/4,Дов. дом,95000
2025-10-06,Югла,Силциема 15,3,91,3/3,Рекон.,125000
2025-10-06,Агенскалнс,Вилипа 8,3,60,3/48,467-я,65000
2025-10-06,центр,Латгалес 131,5,141,2/4,Дов. дом,96000
2025-10-06,Пурвциемс,Кастранес 1/2,1,17,1/5,Рекон.,26500
2025-10-06,Тейка,Кастранес 1/2,1,17,1/5,Рекон.,26500
2025-10-06,Иманта,Слокас 130,3,82,6/8,Нов.,194567
2025-10-06,центр,Сканстес 29a,2,67,11/24,Нов.,165000
2025-10-06,Пурвциемс,Деглава 152,3,63,1/9,602-я,47900
2025-10-06,Иманта,Акацию 2F,3,60,3/9,Нов.,152780
2025-10-06,Иманта,Юрмалас Г. 82 k-1,1,31,1/9,Нов.,70000
2025-10-06,центр,Валдемара 34,2,33,6/6,Дов. дом,96500
2025-10-06,Плявниеки,Деглава 106 k-1,3,81,7/9,119-я,95000
2025-10-06,Дарзциемс,Деглава 152,3,63,1/9,602-я,47900
2025-10-06,центр,Лабораторияс 7A,2,48,3/3,Дов. дом,60800
2025-10-06,Иманта,Даммес 19,3,60,5/5,Лит. пр.,67000
2025-10-06,центр,Бирзниека-Упиша 27,-,339,5/5,Рекон.,198000
2025-10-06,Зиепниеккалнс,Озолциема 12/4,1,44,4/9,119-я,46500
2025-10-06,Агенскалнс,Кугю 26,3,101,4/5,Нов.,340000
2025-10-06,Тейка,Земгала 80,4,132,1/12,Нов.,220000
2025-10-06,Агенскалнс,Валентина 16,2,42,1/4,Хрущ.,48000
2025-10-06,Межциемс,Гайльэзера 7,3,87,2/9,Нов.,210000
2025-10-06,Агенскалнс,Агенскална 2,3,72,2/3,Нов.,188000
2025-10-06,Зиепниеккалнс,Озолциема 32 k-4,2,51,1/9,602-я,46000
2025-10-06,центр,Дзирнаву 34A,3,108,7/7,Дов. дом,400000
2025-10-06,Саркандаугава,Саркандаугавас 25,2,57,2/2,Лит. пр.,27850
2025-10-06,Тейка,Бривибас 320,1,30,1/5,Хрущ.,28500
2025-10-06,Кенгарагс,Латгалес 447,2,54,2/2,Сталинка,61000
2025-10-06,центр,Сколас 30,3,82,6/6,Дов. дом,105000
2025-10-06,центр,Лачплеша 36,3,66,2/5,Рекон.,260305
2025-10-06,центр,Лачплеша 36,2,50,6/6,Рекон.,110220
2025-10-06,Кенгарагс,Латгалес 431,2,55,2/5,Спец. пр.,55500
2025-10-06,центр,Лачплеша 36,2,39,1/5,Рекон.,108920
2025-10-06,центр,Катринас Д. 6,2,43,1/3,Рекон.,78840
2025-10-06,Даугавгрива,Эспланадес 5,2,47,4/5,103-я,35000
2025-10-06,Зиепниеккалнс,Стерсту 22,2,40,1/2,Дов. дом,16990
2025-10-06,Чиекуркалнс,Чиекуркална 4 п. л. 20,1,25,2/2,Дов. дом,24999
2025-10-06,центр,Гертрудес 113,2,56,1/6,Дов. дом,105000
2025-10-06,Вецмилгравис,Балтасбазницас 44,3,66,1/3,Сталинка,52000
2025-10-06,Зиепниеккалнс,Зиепниеккална 64,2,71,1/6,Нов.,125000
2025-10-06,Пурвциемс,Кегума 43,1,42,4/5,М. сем.,46000
2025-10-06,Иманта,Прогреса 3,3,86,3/5,Нов.,148000
2025-10-06,Агенскалнс,Крузес 47,2,44,1/2,Рекон.,70500
2025-10-06,центр,Дарзауглю 1,3,80,5/7,Нов.,192720
2025-10-06,Югла,М. Юглас 3A,4,178,3/4,Нов.,227000
2025-10-06,центр,Гертрудес 135A,3,64,1/2,Дов. дом,43000
2025-10-06,центр,Базницас 41/43,3,99,1/7,Спец. пр.,150000
2025-10-06,центр,Миера 10,4,136,5/5,Дов. дом,210000
2025-10-06,Агенскалнс,М. Нометню 75,4,75,3/4,Дов. дом,119900
2025-10-06,центр,Валдемара 106,5,145,1/5,Сталинка,265000
2025-10-06,Югла,Юглас 53,1,31,2/5,Хрущ.,37000
2025-10-06,Вецмилгравис,Калнгалес 8,2,54,2/9,602-я,45000
2025-10-06,центр,Стабу 46/48,3,78,5/5,Дов. дом,145000
2025-10-06,р-он,ул. Латгалес Ерсикас 18,2,47,2/5,Рекон.,54000
2025-10-06,Дарзциемс,Зелтиню 22,3,62,2/9,602-я,67000
2025-10-06,Тейка,Земгала 80,3,80,6/10,Нов.,159000
2025-10-06,Пурвциемс,Буртниеку 35,1,13,4/4,М. сем.,19000
2025-10-06,центр,Райня бульв. 31,5,156,2/6,Дов. дом,290000
2025-10-06,Агенскалнс,Кристапа 2,3,61,2/2,Рекон.,170000
2025-10-06,Агенскалнс,Кристапа 10,1,17,3/4,Хрущ.,30500
2025-10-06,Агенскалнс,Агенскална 22B,1,30,3/5,Хрущ.,43000
2025-10-06,Биерини,Кантора 10,2,38,1/2,Нов.,114000
2025-10-06,Тейка,Кастранес 7,2,40,4/4,Хрущ.,55000
2025-10-06,р-он,ул. Латгалес Католю 9,2,60,4/6,Рекон.,120900
2025-10-06,Зиепниеккалнс,Виенибас Г. 186A,2,55,5/6,Нов.,100000
2025-10-06,Иманта,Слокас 130a,4,93,2/8,Нов.,190999
2025-10-06,р-н,ул.Краста Криденера Д. 4,2,43,7/9,Нов.,123000
2025-10-06,центр,Катринас Д. 24,2,49,2/3,Сталинка,34500
2025-10-06,центр,Госпиталю 49,3,87,8/8,Нов.,256651
2025-10-06,центр,Госпиталю 49,2,45,2/8,Нов.,142624
2025-10-06,центр,Госпиталю 49,3,51,2/8,Нов.,166625
2025-10-06,центр,Госпиталю 49,3,61,2/8,Нов.,189599
2025-10-06,центр,Госпиталю 49,3,53,2/8,Нов.,173279
2025-10-06,Агенскалнс,Кристапа 8b,1,18,1/4,Дов. дом,23800
2025-10-06,центр,Сканстес 29а,3,229,23/24,Нов.,537777
2025-10-06,Иманта,Даммес 19,3,60,5/5,Лит. пр.,67000
2025-10-06,Кенгарагс,Икшкилес 13,2,49,11/12,Чеш. пр.,65990
2025-10-06,Тейка,Буртниеку 35,1,12,4/4,М. сем.,25000
2025-10-06,Золитуде,Вецайнес 1,2,32,1/1,Ч. дом,29500
2025-10-06,Чиекуркалнс,Гауяс 37,1,29,1/3,Дов. дом,32000
2025-10-06,Тейка,Бривибас 338,2,60,5/7,Нов.,115000
2025-10-06,Плявниеки,Улброкас 12,1,35,3/5,М. сем.,43000
2025-10-06,центр,Чака 70,3,151,6/6,Дов. дом,299000
2025-10-06,Тейка,Бривибас 201,3,81,2/5,Нов.,163900
2025-10-06,Тейка,Бривибас 201,2,60,4/5,Нов.,128400
2025-10-06,Тейка,Бривибас 201,4,93,2/5,Нов.,165900
2025-10-06,Ильгюциемс,Мотору 5,2,50,5/5,Лит. пр.,39900
2025-10-06,Шампетерис-Плескодале,Лиелирбес 11,2,68,4/27,Нов.,125000
2025-10-06,Тейка,Бривибас 201,2,39,3/5,Нов.,79500
2025-10-06,Тейка,Бривибас 201,3,77,5/5,Нов.,134900
2025-10-06,Кипсала,Баласта Д. 70,3,161,3/4,Рекон.,435000
2025-10-06,центр,Рупниецибас 21,3,94,2/8,Нов.,319000
2025-10-06,центр,Экспорта 12,3,120,4/6,Рекон.,260000
2025-10-06,Плявниеки,Салнас 3,2,52,2/9,602-я,67500
2025-10-06,Торнякалнс,Тадайкю 1,3,62,4/5,Лит. пр.,54200
2025-10-06,Зиепниеккалнс,Дижозолу 9,5,115,3/9,602-я,124300
2025-10-06,центр,Мурниеку 12A,3,78,1/2,Нов.,233500
2025-10-06,центр,Базницас 7,1,166,6/6,Дов. дом,247000
2025-10-06,Мангали,Эзера 23,1,27,2/2,Дов. дом,24500
2025-10-06,Пурвциемс,Стайцелес 15,1,29,2/5,Лит. пр.,32000
2025-10-06,Югла,Мейю 2,1,39,5/5,М. сем.,40000
2025-10-06,Зиепниеккалнс,Озолциема 56 k-2,2,52,9/9,602-я,52500
2025-10-06,Чиекуркалнс,Гауяс 19,1,26,4/5,Хрущ.,39000
2025-10-06,Межциемс,Хипократа 13,2,60,13/16,104-я,68500
2025-10-06,центр,Лачплеша 118,4,100,1/5,Дов. дом,85000
2025-10-06,центр,Зирню 8,1,30,2/5,Хрущ.,40000
2025-10-06,Иманта,Курземес пр. 94,3,64,5/9,602-я,68000
2025-10-06,Болдерая,Лиелупес 1-k6,3,57,4/4,Хрущ.,58000
2025-10-06,центр,Лачплеша 114,2,54,4/5,Дов. дом,104000
2025-10-06,Вецмилгравис,Мелидас 6 k-3,2,38,1/5,Лит. пр.,38500
2025-10-06,центр,Аусекля 4,3,79,5/7,Нов.,275000
2025-10-06,центр,Барона 106,1,25,1/5,Дов. дом,51000
2025-10-06,центр,Томсона 19,1,43,1/5,Спец. пр.,65000
2025-10-06,Зиепниеккалнс,Свилпес 9,1,33,5/5,103-я,35000
2025-10-06,Агенскалнс,М. Нометню 11A,1,23,1/3,Дов. дом,18000
2025-10-06,Зиепниеккалнс,Путну 14,3,85,4/5,Нов.,145000
2025-10-06,Тейка,Бривибас 358,3,82,4/4,Сталинка,125000
2025-10-06,центр,Бривибас 117,3,67,3/4,Дов. дом,175000
2025-10-06,Ильгюциемс,Дзирциема 71,3,63,2/9,602-я,80000
2025-10-06,Кундзиньсала,Кундзиньсалас 7 п. л.,3,51,1/2,Рекон.,24990
2025-10-06,Зиепниеккалнс,Валдекю 17,2,51,5/5,Спец. пр.,56200
2025-10-06,Саркандаугава,Уриекстес 39,2,39,1/2,Ч. дом,22500
2025-10-06,Кундзиньсала,Кундзиньсалас 7 п. л.,2,40,1/2,Ч. дом,22500
2025-10-06,Саркандаугава,Уриекстес 40,3,50,1/2,Ч. дом,24990
2025-10-06,Межциемс,Бикерниеку 246,2,43,1/2,Спец. пр.,34000
2025-10-06,центр,Валдемара 145 k. 1,2,61,5/6,Спец. пр.,134162
2025-10-06,р-он,ул. Латгалес Дзирнаву 157,1,90,4/4,Дов. дом,47699
2025-10-06,Болдерая,Силикату 4,3,79,2/3,Сталинка,70000
2025-10-06,Кенгарагс,Прушу 20,2,42,2/5,Хрущ.,38500
2025-10-06,Яунциемс,Яунциема Г. 157,2,42,1/2,Дов. дом,10900
2025-10-06,Межапарк,Эзермалас 27,2,52,4/12,Спец. пр.,75000
2025-10-06,центр,Тербатас 8B,2,44,2/5,Рекон.,136400
2025-10-06,Плявниеки,Салнас 34,1,33,9/9,602-я,41000
2025-10-06,Югла,Квелес 15 k-15,2,45,1/5,Лит. пр.,41000
2025-10-06,Агенскалнс,Лиелирбес 9A,3,47,3/4,Нов.,122500
2025-10-06,Вецмилгравис,Эммас 19,3,67,5/5,Лит. пр.,45000
2025-10-06,Агенскалнс,Лиелирбес 9A,2,42,2/4,Нов.,107000
2025-10-06,Торнякалнс,Индрикя 18,4,72,2/2,Дов. дом,59000
2025-10-06,центр,Гертрудес 69,3,90,5/6,Дов. дом,144200
2025-10-06,Межциемс,Друвиенас 36,3,63,9/9,602-я,86550
2025-10-06,Зиепниеккалнс,Серенес 4,3,75,11/16,119-я,87000
2025-10-06,центр,Весетас 34,2,49,9/12,Спец. пр.,90000
2025-10-06,Тейка,Бривибас 217,1,22,3/4,Рекон.,55000
2025-10-06,Межциемс,Хипократа 33,3,61,1/9,602-я,59000
2025-10-06,Золитуде,Анниньмуйжас 20,3,73,3/7,Нов.,117000
2025-10-06,Плявниеки,Руденс 10,1,36,1/9,602-я,47800
2025-10-06,центр,Лачплеша 36,3,57,3/6,Рекон.,133500
2025-10-06,Иманта,Курземес пр. 54,2,49,4/4,Лит. пр.,46000
2025-10-06,Саркандаугава,Саркандаугавас 13,2,52,9/9,602-я,44800
2025-10-06,центр,Индрану 4,2,44,1/5,Дов. дом,65000
2025-10-06,Югла,Маркалнес 1,1,18,3/5,М. сем.,8900
2025-10-06,Кенгарагс,Прушу 22,2,41,4/5,Хрущ.,36900
2025-10-06,Кенгарагс,Икшкилес 3,2,34,3/5,Хрущ.,35500
2025-10-06,Агенскалнс,Мелнсила 19,2,42,3/5,Хрущ.,71000
2025-10-06,Пурвциемс,Калснавас 2,1,43,1/9,119-я,45000
2025-10-06,Плявниеки,Дравниеку 10,3,63,6/9,602-я,77000
2025-10-06,р-он,ул. Латгалес Пиртс 9,2,34,4/4,Дов. дом,35000
2025-10-06,Зиепниеккалнс,Баускас 49A,3,52,3/5,Нов.,115000
2025-10-06,центр,Латгалес 137,2,61,1/2,Рекон.,46000
2025-10-06,р-он,ул. Латгалес Латгалес 137,2,61,1/2,Рекон.,46000
2025-10-06,Плявниеки,Плявниеку 2D,3,72,2/16,104-я,82000
2025-10-06,центр,Рупниецибас 48,3,60,3/4,Нов.,250000
2025-10-06,Плявниеки,Сахарова 8,1,39,9/9,Нов.,99500
2025-10-06,Волери,Волеру 27,1,32,2/2,Спец. пр.,12900
2025-10-06,центр,Стабу 105,4,111,2/6,Дов. дом,210000
2025-10-06,центр,Томсона 11,3,83,1/5,Сталинка,133270
2025-10-06,центр,Матиса 45,2,50,6/7,Дов. дом,91000
2025-10-06,центр,Блауманя 28a,3,93,2/7,Дов. дом,290000
2025-10-06,Югла,Юглас 2E,3,67,1/9,Спец. пр.,90000
2025-10-06,Тейка,Ропажу 24,3,54,1/5,Хрущ.,49000
2025-10-06,Берги,Рожу 21-24,2,47,4/4,Хрущ.,40500
2025-10-06,Кипсала,Кипсалас 4,1,37,2/4,Спец. пр.,102500
2025-10-06,Пурвциемс,Бранткална 17,1,46,4/9,104-я,50000
2025-10-06,Ильгюциемс,Риексту 7,1,39,1/5,М. сем.,38000
2025-10-06,Даугавгрива,Парадес 22,2,41,1/5,Хрущ.,33000
2025-10-06,Пурвциемс,Стайцелес 21,1,29,1/5,Лит. пр.,24000
2025-10-06,центр,Ганибу Д. 40a,2,45,2/3,Дов. дом,24299
2025-10-06,Вецмилгравис,Анитас 2,3,58,1/2,Сталинка,63000
2025-10-06,центр,Лачплеша 24,1,22,3/6,Нов.,76000
2025-10-06,центр,Блауманя 25,3,82,1/5,Дов. дом,149000
2025-10-06,центр,Заля 3,3,80,1/4,Дов. дом,238887
2025-10-06,центр,Гертрудес 91a,1,17,4/5,Сталинка,20000
2025-10-06,Пурвциемс,Марса Г. 4,2,48,3/5,Лит. пр.,62000
2025-10-06,Тейка,Ропажу 22,1,30,2/5,Хрущ.,45000
2025-10-06,центр,Републикас пл. 3,4,119,5/9,Спец. пр.,349888
2025-10-06,центр,Дзирнаву 31,4,116,5/6,Дов. дом,300000
2025-10-06,центр,Аусекля 5,5,169,5/6,Дов. дом,570000
2025-10-06,Вецмилгравис,Домбровска 45,1,33,8/9,602-я,46800
2025-10-06,Пурвциемс,Веявас 10,2,50,8/9,602-я,49500
2025-10-06,центр,Барона 60,3,73,2/3,Дов. дом,175000
2025-10-06,центр,Гану 6,4,100,2/7,Дов. дом,315000
2025-10-06,Мангальсала,Пиекрастес 21,4,97,1/2,Рекон.,99000
2025-10-06,Агенскалнс,Лиелирбес 9A,3,47,2/4,Рекон.,122500
2025-10-06,Агенскалнс,Лиелирбес 9A,2,42,2/4,Нов.,107000
2025-10-06,Агенскалнс,Лиелирбес 9A,2,45,3/4,Рекон.,103500
2025-10-06,Агенскалнс,Межа 4A,3,98,4/4,Дов. дом,224900
2025-10-06,р-он,ул. Латгалес Коюсалас 11,1,24,2/2,Дов. дом,18000
2025-10-06,центр,Дзирнаву 89,6,310,1/4,Рекон.,189500
2025-10-06,Агенскалнс,Мелнсила 7,5,128,3/4,Рекон.,365000
2025-10-06,Вецрига,Вальню 21,4,133,7/7,Дов. дом,585000
2025-10-06,Аплокциемс,Чиекуру 3,1,31,2/4,Нов.,90565
2025-10-06,центр,Блауманя 12,2,115,1/7,Рекон.,345000
2025-10-06,центр,Райня бульв. 27,4,108,6/6,Рекон.,355060
2025-10-06,центр,Райня бульв. 27,3,86,2/6,Рекон.,361200
2025-10-06,центр,Бруниниеку 20,4,106,3/6,Дов. дом,145000
2025-10-06,центр,Дзирнаву 149,3,96,3/4,Сталинка,100000
2025-10-06,центр,Дзирнаву 149,3,98,4/4,Сталинка,130000
2025-10-06,Вецмилгравис,Балтасбазницас 34,1,33,5/5,Лит. пр.,24500
2025-10-06,центр,Весетас 30,2,40,4/5,Хрущ.,47000
2025-10-06,Болдерая,Лиелупес 60,3,68,1/5,Лит. пр.,55300
2025-10-06,Кенгарагс,Авиацияс 5,2,50,5/5,Лит. пр.,46500
2025-10-06,центр,Шарлотес 7,4,94,5/7,Нов.,299000
2025-10-06,Пурвциемс,Вайдавас 7,2,47,4/5,Лит. пр.,64900
2025-10-06,Плявниеки,Дравниеку 3 K-2,4,87,4/10,Нов.,173014
2025-10-06,центр,Катринас 26,1,28,1/4,Сталинка,35000
2025-10-06,центр,Бирзниека-Упиша 20a,1,22,6/7,Нов.,85000
2025-10-06,Межциемс,Кайвас 50,3,65,5/5,Нов.,129000
2025-10-06,Кенгарагс,Пелну 2,2,48,1/5,Лит. пр.,54800
2025-10-06,Зиепниеккалнс,Путну 43,3,82,3/3,Нов.,212000
2025-10-06,р-он,ул. Латгалес Латгалес 153A,1,25,3/5,Дов. дом,24000
2025-10-06,Аплокциемс,Крапес 4,2,56,1/3,Нов.,105000
2025-10-06,Гризинькалнс,Звайгжню 21,1,24,3/6,Дов. дом,29952
2025-10-06,центр,Звайгжню 21,1,27,4/6,Дов. дом,37100
2025-10-06,центр,Катринас Д. 14,2,49,2/3,Рекон.,113000
2025-10-06,Пурвциемс,Вайдавас 2 k-3,2,41,5/5,Хрущ.,50000
2025-10-06,р-он,ул. Латгалес Виляну 9,2,41,2/5,Хрущ.,45000
2025-10-06,Плявниеки,Дзеню 10,1,32,6/9,602-я,35000
2025-10-06,Саркандаугава,Алекша 4,1,21,1/2,Дов. дом,10990
2025-10-06,центр,Заубес 12,3,119,5/6,Спец. пр.,363000
2025-10-06,центр,Зирню 5,1,33,7/9,467-я,55000
2025-10-06,р-он,ул. Латгалес Ломоносова 3,2,49,5/6,Дов. дом,69000
2025-10-06,Тейка,Бривибас 201,4,97,2/5,Нов.,198900
2025-10-06,Кенгарагс,Латгалес 258-k2,2,47,4/5,Хрущ.,35000
2025-10-06,Шкиротава,Малею 4A,1,36,3/4,Спец. пр.,40000
2025-10-06,Тейка,Бривибас 201,3,76,3/5,Нов.,159900
2025-10-06,Тейка,Бривибас 201,2,65,3/5,Нов.,131400
2025-10-06,Кенгарагс,Яняварту 9,1,32,2/2,Дов. дом,32000
2025-10-06,р-он,ул. Латгалес Виляну 16,1,20,5/5,Нов.,44000
2025-10-06,Тейка,Бривибас 201,2,50,2/5,Нов.,70900
2025-10-06,Тейка,Бривибас 201,2,53,2/5,Нов.,134900
2025-10-06,Тейка,Бривибас 201,2,37,2/5,Нов.,114900
2025-10-06,Тейка,Бривибас 201,3,73,3/5,Нов.,224900
2025-10-06,Тейка,Бривибас 201,2,38,2/5,Нов.,70900
2025-10-06,Саркандаугава,Твайка 16,1,15,1/5,Хрущ.,12900
2025-10-06,Вецмилгравис,Домбровска 11,1,13,3/3,Сталинка,8990
2025-10-06,центр,Катринас Д. 14,5,190,2/4,Рекон.,284900
2025-10-06,Вецмилгравис,Эммас 14,1,14,1/3,Сталинка,18000
2025-10-06,Зиепниеккалнс,Валдекю 65,3,76,5/9,Нов.,110000
2025-10-06,Пурвциемс,Ницгалес 36a,2,49,1/5,Нов.,99800
2025-10-06,Кенгарагс,Прушу 23,3,65,3/3,Сталинка,75000
2025-10-06,Золитуде,Анниньмуйжас 20,3,81,2/4,Нов.,141000
2025-10-06,Агенскалнс,Амалияс 5,3,70,2/3,Рекон.,193126
2025-10-06,Вецмилгравис,Вецмилгравья 9,1,29,1/4,Хрущ.,21000
2025-10-06,Югла,Силциема 13-1,2,44,1/5,Лит. пр.,37900
2025-10-06,центр,Барона 129,1,22,4/6,Рекон.,62000
2025-10-06,Дзегужкалнс,Слокас 59A,3,87,1/5,Нов.,184000
2025-10-06,Болдерая,Лиелупес 1,2,44,1/3,Спец. пр.,12890
2025-10-06,Югла,Бривибас 386,3,68,9/14,Нов.,159000
2025-10-06,Чиекуркалнс,Гауяс 37,1,25,3/3,Дов. дом,14480
2025-10-06,центр,Стабу 68,2,36,1/2,Дов. дом,37880
2025-10-06,центр,Дарзауглю 1,3,115,5/6,Нов.,179000
2025-10-06,Вецмилгравис,Вецмилгравья 6,2,52,5/5,Спец. пр.,34000
2025-10-06,центр,Красотаю 13,1,25,1/5,Рекон.,52000
2025-10-06,Плявниеки,Деглава 126,2,55,5/9,119-я,60000
2025-10-06,Ильгюциемс,Дзирциема 59,1,17,1/9,467-я,11490
2025-10-06,Вецмилгравис,Эммас 14,2,25,2/4,М. сем.,10580
2025-10-06,р-н,ул.Краста Латгалес 108,1,17,2/2,Спец. пр.,10370
2025-10-06,Кенгарагс,Прушу 21,1,30,4/4,Хрущ.,22000
2025-10-06,Кливерсала,Кугю 15,2,42,2/3,Рекон.,135000
2025-10-06,Кливерсала,Кугю 15,2,41,3/6,Нов.,150000
2025-10-06,Межапарк,Виестура пр. 59,1,35,7/9,Спец. пр.,28500
2025-10-06,Золитуде,Золитудес 34,2,57,14/16,104-я,72000
2025-10-06,центр,Госпиталю 19,3,73,4/4,Дов. дом,149900
2025-10-06,Пурвциемс,Варавикснес Г. 16,3,65,7/9,602-я,82000
2025-10-06,Кенгарагс,Латгалес 257,3,60,9/9,467-я,77000
2025-10-06,Саркандаугава,Алекша 9,3,62,2/5,Спец. пр.,62000
2025-10-06,р-н,ул.Краста Салацас 23,3,60,9/9,467-я,77000
2025-10-06,Вецмилгравис,Калнгалес 1,2,51,2/9,602-я,51500
2025-10-06,Зиепниеккалнс,Баускас 73,2,42,3/4,Хрущ.,42000
2025-10-06,Иманта,Анниньмуйжас 21,2,59,3/4,Нов.,173000
2025-10-06,центр,Томсона 19,1,43,1/5,Спец. пр.,65000
2025-10-06,Шампетерис-Плескодале,Ирлавас 20,3,61,1/5,Спец. пр.,57000
2025-10-06,р-он,ул. Латгалес Ломоносова 7,2,56,2/4,Сталинка,58000
2025-10-06,центр,Гертрудес 65A,2,52,2/7,Нов.,125000
2025-10-06,центр,Бирзниека-Упиша 20a,1,24,3/7,Нов.,100000
2025-10-06,Межапарк,Межа пр. 66,2,32,1/2,Дов. дом,45000
2025-10-06,Золитуде,Золитудес 75 k3,3,86,2/6,Нов.,146500
2025-10-06,центр,Чака 70,4,730,7/7,Дов. дом,150000
2025-10-06,Вецрига,Грециниеку 3,4,82,2/3,Дов. дом,222000
2025-10-06,центр,Рупниецибас 48,2,35,2/4,Нов.,150000
2025-10-06,центр,Миера 76,3,53,3/5,Рекон.,65000
2025-10-06,Мангали,Эзера 11,2,50,2/4,Сталинка,36000
2025-10-06,Иманта,Анниньмуйжас 43,3,129,5/24,Нов.,216000
2025-10-06,Вецрига,Вецпилсетас 5,-,283,5/6,Рекон.,335000
2025-10-06,центр,Катринас Д. 27,3,70,2/11,Рекон.,163914
2025-10-06,Межапарк,Кемпес 4,3,139,9/12,Нов.,240000
2025-10-06,Кенгарагс,Каниера 14,1,37,11/12,М. сем.,44950
2025-10-06,Агенскалнс,Лиелирбес 9A,2,42,2/4,Рекон.,107000
2025-10-06,центр,Матиса 95,1,20,2/2,Дов. дом,24000
2025-10-06,Пурвциемс,Стирну 37a,4,74,1/9,602-я,74500
2025-10-06,центр,Бирзниека-Упиша 26,2,60,1/5,Дов. дом,79500
2025-10-06,Плявниеки,Салнас 21,2,47,3/9,Нов.,90300
2025-10-06,центр,Дайнас 10a,2,41,2/7,Нов.,139000
2025-10-06,центр,Марияс 23,5,109,3/5,Дов. дом,179000
2025-10-06,Межапарк,Остас пр. 9,2,45,2/5,Лит. пр.,58000
2025-10-06,Мангали,Ледургас 9,2,45,2/5,Лит. пр.,58000
2025-10-06,центр,Менесс 22,2,40,3/4,Нов.,116000
2025-10-06,Дарзциемс,Каибалас 23,5,176,1/1,Нов.,348000
2025-10-06,центр,Экспорта 4,1,42,1/5,Рекон.,52000
2025-10-06,Вецмилгравис,Зиемельблазмас 51,1,36,2/9,602-я,37000
2025-10-06,Вецмилгравис,Яунциема Г. 265,3,53,1/2,Дов. дом,73000
2025-10-06,Золитуде,Грамздас 82,2,79,4/4,Нов.,130000
2025-10-06,Плявниеки,Сахарова 5,3,63,1/9,602-я,49000
2025-10-06,центр,Аусекля 3,3,61,1/5,Дов. дом,149000
2025-10-06,центр,Тербатас 6,4,100,2/5,Дов. дом,212500
2025-10-06,Шампетерис-Плескодале,Эндзелина 32,2,58,5/5,Нов.,155000
2025-10-06,Югла,Мурьяню 54,2,46,5/5,Хрущ.,35000
2025-10-06,Пурвциемс,Ницгалес 23,3,63,5/5,Лит. пр.,56500
2025-10-06,Мангали,Виестура пр. 22,2,48,3/4,Сталинка,45900
2025-10-06,Тейка,Вийциема 8,2,28,3/4,Нов.,63300
2025-10-06,Чиекуркалнс,Чиекуркална 7 п. л. 7A,2,35,3/4,Нов.,83000
2025-10-06,Чиекуркалнс,Чиекуркална 7 п. л. 7,1,19,2/4,Нов.,48750
2025-10-06,центр,Бривибас 133,1,34,3/4,Сталинка,45000
2025-10-06,центр,Марияс 8a,4,109,5/5,Дов. дом,196900
2025-10-06,Кенгарагс,Е. Ранцана 8,3,57,3/5,Лит. пр.,61000
2025-10-06,Золитуде,Биезиня 1,3,78,3/10,119-я,99000
2025-10-06,центр,Дзирнаву 53,3,127,2/6,Дов. дом,392190
2025-10-06,центр,Марияс 8A,2,56,5/5,Дов. дом,127720
2025-10-06,Шампетерис-Плескодале,Лиелирбес 9a,3,47,2/4,Рекон.,119500
2025-10-06,Шампетерис-Плескодале,Лиелирбес 9a,2,45,3/4,Рекон.,103500
2025-10-06,Агенскалнс,Слокас 77,2,60,1/3,Нов.,120000
2025-10-06,центр,Бривибас 91,1,27,3/6,Рекон.,77000
2025-10-06,центр,Бривибас 91,1,40,6/6,Рекон.,108000
2025-10-06,центр,Бривибас 91,1,40,5/6,Рекон.,108000
2025-10-06,центр,Бривибас 91,1,38,3/6,Рекон.,103000
2025-10-06,центр,Бривибас 91,2,38,2/6,Рекон.,106000
2025-10-06,центр,Бривибас 91,1,28,6/6,Рекон.,82000
2025-10-06,центр,Бривибас 91,1,40,4/6,Рекон.,108000
2025-10-06,центр,Бривибас 91,1,28,4/6,Рекон.,79000
2025-10-06,центр,Бривибас 91,1,38,2/6,Рекон.,97000
2025-10-06,Дзегужкалнс,Дзирциема 59,2,49,7/9,467-я,48800
2025-10-06,Золитуде,Грамздас 21,4,94,9/6,119-я,93500
2025-10-06,центр,Барона 21,1,35,4/5,Дов. дом,65000
2025-10-06,Вецрига,Кунгу 25,3,84,4/6,Нов.,250000
2025-10-06,Югла,Маркалнес 1,2,35,4/5,М. сем.,16000
2025-10-06,центр,Катринас Д. 20A,2,54,2/5,Дов. дом,66800
2025-10-06,Агенскалнс,М. Нометню 76,2,49,2/2,Рекон.,122000
2025-10-06,Пурвциемс,Пуцес 47,2,55,5/7,Нов.,112000
2025-10-06,Золитуде,Анниньмуйжас 20,3,73,3/7,Нов.,117000
2025-10-06,Кенгарагс,Вишкю 19,4,62,5/5,Лит. пр.,45000
2025-10-06,Кенгарагс,Авиацияс 25,1,30,5/5,Лит. пр.,27500
2025-10-06,Пурвциемс,Илукстес 101,2,46,5/5,103-я,48500
2025-10-06,Саркандаугава,Загеру 6,3,64,4/4,Дов. дом,34500
2025-10-06,Кенгарагс,Авиацияс 1,2,38,2/5,Лит. пр.,39500
2025-10-06,центр,Бруниниеку 73D,1,24,1/5,Дов. дом,41000
2025-10-06,центр,Бруниниеку 73D,2,45,5/5,Дов. дом,46000
2025-10-06,Дарзциемс,Зелтиню 5,2,50,4/9,602-я,55000
2025-10-06,центр,Стабу 16,6,133,1/6,Рекон.,165500
2025-10-06,Агенскалнс,Амалияс 5,1,22,1/3,Рекон.,62985
2025-10-06,центр,Стабу 16,5,120,1/6,Рекон.,155500
2025-10-06,Плявниеки,Салнас 21,2,45,4/9,Нов.,79000
2025-10-06,Пурвциемс,Иерикю 60,1,39,2/9,Спец. пр.,45600
2025-10-06,центр,Барона 24/26,2,44,2/6,Рекон.,152500
2025-10-06,Мангали,Эзера 9,3,72,2/4,Сталинка,59800
2025-10-06,Саркандаугава,Виестура пр. 20,3,72,2/4,Сталинка,59800
2025-10-06,центр,Барона 24/26,1,25,2/6,Рекон.,93500
2025-10-06,центр,Элизабетес 39,3,142,5/8,Нов.,500000
2025-10-06,Вецмилгравис,Вецмилгравья 1 л. 49,2,50,1/5,Лит. пр.,46000
2025-10-06,Агенскалнс,Кристапа 33,2,66,3/3,Спец. пр.,177900
2025-10-06,центр,Екаба 26/28,3,110,3/4,Дов. дом,220000
2025-10-06,Межциемс,Бикерниеку 160,3,76,5/5,Нов.,157000
2025-10-06,центр,Матиса 89a,3,66,4/5,Дов. дом,89500
2025-10-06,центр,Барона 106,3,62,3/5,Рекон.,129500
2025-10-06,центр,Элияс 26,3,69,4/6,Нов.,230000
2025-10-06,Вецмилгравис,Сниега 2 k. 2.,2,51,5/5,Лит. пр.,53000
2025-10-06,центр,Зирню 5 k-1,3,59,7/9,467-я,139900
2025-10-06,Агенскалнс,Сабилес 13,2,44,3/3,Нов.,129500
2025-10-06,Саркандаугава,Виестура пр. 59,1,35,7/9,Спец. пр.,28500
2025-10-06,Иманта,Юрмалас Г. 109,3,87,3/4,Нов.,145000
2025-10-06,Агенскалнс,М. Нометню 75,3,59,2/4,Дов. дом,98000
2025-10-06,центр,Элизабетес 39,3,96,3/7,Нов.,384000
2025-10-06,Саркандаугава,Загеру 6,1,31,2/4,Дов. дом,15600
2025-10-06,центр,Матиса 84,2,47,1/2,Дов. дом,28700
2025-10-06,центр,Висвалжа 7,4,103,3/6,Рекон.,179900
2025-10-06,центр,Вагону 14,1,23,1/2,Дов. дом,43500
2025-10-06,центр,Ганибу Д. 3,2,56,3/5,Дов. дом,90000
2025-10-06,Югла,Бривибас 357,1,30,2/5,Хрущ.,35000
2025-10-06,Ильгюциемс,Скуйенес 9,3,58,2/5,Лит. пр.,85000
2025-10-06,центр,Дзирнаву 157,1,89,4/4,Дов. дом,47700
2025-10-06,Зиепниеккалнс,Вадакстес 20,3,67,3/5,Спец. пр.,65000
2025-10-06,Тейка,Бикерниеку 93k3,2,43,1/3,Хрущ.,76000
2025-10-06,Пурвциемс,Дзелзавас 112,2,46,4/7,Нов.,115000
2025-10-06,Ильгюциемс,Бенес 2,3,54,1/5,Лит. пр.,53500
2025-10-06,центр,Меркеля 8,3,40,3/3,Дов. дом,68000
2025-10-06,Кенгарагс,Локомотивес 90,4,61,4/5,Лит. пр.,61800
2025-10-06,центр,Элизабетес 3,2,31,2/5,Рекон.,145000
2025-10-06,центр,Сканстес 29,4,110,6/25,Нов.,310000
2025-10-06,Даугавгрива,Бирзес 46,3,69,1/5,103-я,47900
2025-10-06,Ильгюциемс,Буллю 31a,3,65,5/5,Лит. пр.,71000
2025-10-06,Дзегужкалнс,Пурва 5,2,60,1/3,Нов.,120000
2025-10-06,Дарзциемс,Сеску 7,1,42,5/5,М. сем.,37000
2025-10-06,Межциемс,Бикерниеку 160,4,87,1/1,Нов.,196000
2025-10-06,центр,Рупниецибас 25,3,79,1/5,Нов.,225900
2025-10-06,Плявниеки,Ясмуйжас 18/1,2,49,3/9,Нов.,99900
2025-10-06,Зиепниеккалнс,Басу 3A,2,43,1/2,Нов.,95000
2025-10-06,р-он,ул. Латгалес Вирсайшу 9,2,43,5/5,Хрущ.,34000
2025-10-06,Зиепниеккалнс,Гарозес 19,1,42,5/5,М. сем.,47490
2025-10-06,Югла,Мурьяню 157,2,44,2/4,Нов.,115000
2025-10-06,Тейка,Бикерниеку 31,3,56,1/5,Хрущ.,95000
2025-10-06,Болдерая,Лиелупес 1/13,2,54,5/5,Спец. пр.,34000
2025-10-06,Зиепниеккалнс,Ислицес 14,5,126,13/13,Спец. пр.,55500
2025-10-06,Тейка,Унияс 24,2,52,2/5,103-я,63000
2025-10-06,Золитуде,Приедайнес 13,2,68,1/4,Нов.,155000
2025-10-06,Югла,Бривибас 386,3,66,5/6,Нов.,129000
2025-10-06,Вецмилгравис,Наталияс 4,5,112,5/6,Спец. пр.,110000
2025-10-06,Кенгарагс,Латгалес 323,2,39,2/5,Лит. пр.,79000
2025-10-06,центр,Тербатас 8B,3,54,5/6,Дов. дом,161000
2025-10-06,центр,Катринас Д. 27,2,48,9/11,Рекон.,111152
2025-10-06,центр,Катринас Д. 27,3,55,8/11,Рекон.,127942
2025-10-06,центр,Лачплеша 36,2,32,2/5,Рекон.,110950
2025-10-06,Чиекуркалнс,Чиекуркална 4 п. л. 17,2,59,9/9,Спец. пр.,92000
2025-10-06,центр,Барона 24/26,2,46,2/6,Рекон.,154500
2025-10-06,Ильгюциемс,Мотору 3,1,26,4/5,М. сем.,29000
2025-10-06,центр,Звайгжню 21,1,25,4/6,Рекон.,59280
2025-10-06,центр,Звайгжню 21,1,22,4/6,Рекон.,51840
2025-10-06,центр,Рупниецибас 50,5,138,6/7,Нов.,399000
2025-10-06,Мангали,Морес 3,2,45,4/5,Лит. пр.,52000
2025-10-06,центр,Чака 109,2,53,2/5,Дов. дом,116400
2025-10-06,Пурвциемс,Виршу 6,1,45,2/12,104-я,45000
2025-10-06,центр,Стабу 87,2,43,1/5,Рекон.,60088
2025-10-06,Мангали,Эзера 5A,1,24,2/2,Дов. дом,9000
2025-10-06,Пурвциемс,Дзелзавас 29,3,38,2/5,Лит. пр.,49777
2025-10-06,р-он,ул. Латгалес Резнас 10Б,2,48,4/5,Хрущ.,57000
2025-10-06,центр,Лачплеша 36,1,29,3/5,Рекон.,101500
2025-10-06,р-он,ул. Латгалес Латгалес 150,2,40,1/3,Дов. дом,58000
2025-10-06,Межциемс,Друвиенас 36,2,50,5/9,602-я,53000
2025-10-06,Югла,Бривибас 450,2,85,1/2,Спец. пр.,143500
2025-10-06,Саркандаугава,Дунтес 28,2,58,9/16,Нов.,110000
2025-10-06,центр,Авоту 46,3,79,2/2,Рекон.,126000
2025-10-06,Даугавгрива,Парадес 26,4,72,3/5,Хрущ.,69540
2025-10-06,Кенгарагс,Прушу 17A,1,13,4/4,М. сем.,15500
2025-10-06,Плявниеки,Тинужу 5,1,44,4/9,М. сем.,40000
2025-10-06,р-н,ул.Краста Салацас 22,2,44,3/3,Сталинка,40000
2025-10-06,центр,Стабу 18b,3,110,4/7,Нов.,401800
2025-10-06,центр,Стабу 18b,2,104,6/7,Нов.,375345
2025-10-06,центр,Ганибу Д. 13,2,54,5/5,103-я,65000
2025-10-06,Вецмилгравис,Калнгалес 11,1,39,3/9,Спец. пр.,29000
2025-10-06,Межапарк,Эзермалас 27,2,55,6/12,Чеш. пр.,90000
2025-10-06,центр,Тербатас 37,4,125,3/5,Дов. дом,217000
2025-10-06,Пурвциемс,Дзелзавас 25,2,50,1/9,602-я,56000
2025-10-06,центр,Рупниецибас 44,4,196,2/6,Нов.,375000
2025-10-06,Биерини,Далию 23B,4,88,2/3,Нов.,295000
2025-10-06,центр,Таллинас 92,2,58,5/6,Дов. дом,92000
2025-10-06,Вецмилгравис,Домбровска 11,1,13,3/3,Сталинка,6900
2025-10-06,центр,Валдемара 123,2,51,2/6,Дов. дом,95000
2025-10-06,Пурвциемс,Унияс 67,3,77,3/6,Нов.,179000
2025-10-06,Берги,Лауву 22,2,85,1/2,Спец. пр.,143500
2025-10-06,Пурвциемс,Дудаева Г. 9a,3,82,1/6,Нов.,135000
2025-10-06,центр,Катринас Д. 17,2,56,6/4,Нов.,135000
2025-10-06,Даугавгрива,Лепью 9,2,47,1/5,Спец. пр.,36000
2025-10-06,Пурвциемс,Дзелзавас 74/1,2,51,1/11,Нов.,97000
2025-10-06,центр,Сколас 17,4,136,6/6,Нов.,491943
2025-10-06,Дзегужкалнс,Даугавгривас 60,1,47,3/7,Спец. пр.,65000
2025-10-06,Тейка,Бривибас 228,2,57,2/5,Сталинка,70000
2025-10-06,центр,Пернавас 1,3,77,5/5,Сталинка,115000
2025-10-06,центр,Катринас Д. 14,2,54,2/4,Рекон.,121900
2025-10-06,центр,Стрелниеку 5,4,118,2/6,Нов.,625000
2025-10-06,центр,Пернавас 41,4,105,6/6,Нов.,349000
2025-10-06,Болдерая,Лиелупес 1 k-7,3,58,4/4,Хрущ.,50000
2025-10-06,центр,Садовникова 22,2,31,1/4,Рекон.,73000
2025-10-06,р-он,ул. Латгалес Даугавпилс 49,1,24,1/5,Дов. дом,26000
2025-10-06,Пурвциемс,Дзелзавас 63,1,32,9/9,467-я,33000
2025-10-06,Биерини,Лиепаяс 37c,2,48,3/4,Нов.,121300
2025-10-06,Ильгюциемс,Скуйенес 10,2,46,2/2,Спец. пр.,42000
2025-10-06,Пурвциемс,Дзелзавас 104,3,57,6/8,Нов.,139600
2025-10-06,Пурвциемс,Дзелзавас 104,3,64,7/8,Нов.,158500
2025-10-06,Агенскалнс,Елгава 88,2,58,2/5,Дов. дом,83000
2025-10-06,Торнякалнс,Елгава 88,2,58,2/5,Дов. дом,83000
2025-10-06,Зиепниеккалнс,Ислицес 1,1,43,6/10,119-я,45000
2025-10-06,Шампетерис-Плескодале,Стендес 5,2,57,4/5,Нов.,135000
2025-10-06,Ильгюциемс,Гривас 21,2,42,2/5,Лит. пр.,34000
2025-10-06,центр,Валдемара 77,2,51,1/5,Дов. дом,112000
2025-10-06,центр,Бривибас 95,2,64,7/7,Дов. дом,205000
2025-10-06,центр,Дзирнаву 37,1,32,3/7,Нов.,90000
2025-10-06,Иманта,Анниньмуйжас 86,4,75,3/9,467-я,100000
2025-10-06,Иманта,Зентенес 4,2,49,2/5,Лит. пр.,50555
2025-10-06,Тейка,Бривибас 237,2,52,1/5,Спец. пр.,63600
2025-10-06,центр,Бруниниеку 28,-,218,1/6,Ч. дом,239000
2025-10-06,центр,Лугажу 14,2,52,1/3,Сталинка,58000
2025-10-06,Тейка,Бривибас 235,4,90,2/4,Дов. дом,113000
2025-10-06,Тейка,Бривибас 235,2,48,4/5,Дов. дом,53000
2025-10-06,р-он,ул. Латгалес Даугавпилс 49,1,32,5/6,Дов. дом,20500
2025-10-06,центр,Беньяминяс 10,3,81,4/5,Дов. дом,120000
2025-10-06,центр,Томсона 40,2,45,5/5,Хрущ.,69700
2025-10-06,Кенгарагс,Прушу 73,2,49,2/2,Лит. пр.,59500
2025-10-06,Даугавгрива,Бирзес 28,2,49,12/12,Чеш. пр.,38000
2025-10-06,Пурвциемс,Варавикснес Г. 11,2,51,4/5,Лит. пр.,49500
2025-10-06,центр,Бривибас 150,4,130,2/6,Дов. дом,199000
2025-10-06,Агенскалнс,Ранькя Д. 34,3,93,8/22,Нов.,285000
2025-10-06,Пурвциемс,Илукстес 101,2,53,2/5,103-я,65000
2025-10-06,Вецмилгравис,Домбровска 17,2,51,3/9,467-я,63500
2025-10-06,Кенгарагс,Латгалес 447,2,50,2/2,Спец. пр.,55000
2025-10-06,р-он,ул. Латгалес Лудзас 51,2,34,2/2,Дов. дом,15500
2025-10-06,Золитуде,Золитудес 38 K-2,1,43,1/9,119-я,49000
2025-10-06,Кенгарагс,Малтас 15,2,44,5/5,Лит. пр.,37000
2025-10-06,Мангали,Ледургас 10,2,57,2/2,Дов. дом,11600
2025-10-06,Иманта,Слокас 183,4,75,8/9,602-я,82000
2025-10-06,Агенскалнс,Сабилес 13,2,45,1/3,Нов.,141500
2025-10-06,Югла,Мурьяню 40,2,43,3/5,Хрущ.,49500
2025-10-06,Болдерая,Финиера 9,2,46,4/5,103-я,33000
2025-10-06,Дзегужкалнс,Даугавгривас 70,3,54,1/5,Спец. пр.,51000
2025-10-06,Агенскалнс,Мартиня 8A,3,78,1/7,Рекон.,176000
2025-10-06,центр,Валдемара 123,2,51,2/6,Дов. дом,95000
2025-10-06,Вецрига,Вальню 21,3,82,4/7,Рекон.,330000
2025-10-06,центр,Виландес 5,4,163,4/5,Дов. дом,290000
2025-10-06,Ильгюциемс,Саулгожу 19,2,42,3/5,Хрущ.,46000
2025-10-06,Яунциемс,Яунциема Г. 182,2,40,5/5,Хрущ.,32500
2025-10-06,Вецрига,Мейеровица бульв. 6,1,63,4/4,Рекон.,135000
2025-10-06,центр,Гертрудес 2,3,126,1/3,Дов. дом,145000
2025-10-06,Иманта,Юрмалас Г. 91,3,61,1/5,Лит. пр.,75000
2025-10-06,Торнякалнс,Дикя 2,2,46,2/2,Дов. дом,35250
2025-10-06,Вецрига,Валдемара 39,3,89,1/6,Дов. дом,115000
2025-10-06,Кенгарагс,Аглонас 33,2,40,3/5,Хрущ.,63700
2025-10-06,Дрейлини,Валтера 46,3,71,2/5,Нов.,129500
2025-10-06,Вецмилгравис,Эммас 14,6,91,1/3,Сталинка,22500
2025-10-06,центр,Стабу 81A,4,114,1/5,Дов. дом,112500
2025-10-06,Саркандаугава,Хапсалас 15,2,58,4/8,Спец. пр.,76800
2025-10-06,Чиекуркалнс,Тераудлиетувес 10,1,22,2/2,Дов. дом,11990
2025-10-06,центр,Валдемара 39,4,89,1/6,Дов. дом,115000
2025-10-06,Иманта,Анниньмуйжас 43,2,47,13/24,Нов.,95500
2025-10-06,р-н,ул.Краста Латгалес 247,3,59,9/9,467-я,60000
2025-10-06,центр,Тербатас 20,2,35,5/6,Рекон.,107900
2025-10-06,центр,Бруниниеку 104,2,38,1/5,Рекон.,41300
2025-10-06,центр,Тербатас 20,2,52,5/6,Рекон.,161200
2025-10-06,центр,Тербатас 20,3,71,5/6,Рекон.,219800
2025-10-06,центр,Блауманя 28a,3,100,6/7,Дов. дом,285000
2025-10-06,центр,Калниня 6,2,80,5/5,Рекон.,207740
2025-10-06,Зиепниеккалнс,Светес 1,3,94,2/4,Нов.,189000
2025-10-06,центр,Валдемара 77,2,51,1/5,Рекон.,112000
2025-10-06,центр,Чака 78,3,63,4/5,Дов. дом,130000
2025-10-06,Межциемс,Юглас 1,3,63,2/5,Нов.,156900
2025-10-06,Кенгарагс,Икшкилес 4,4,60,1/5,Лит. пр.,50400
2025-10-06,Плявниеки,Ясмуйжас 6,3,65,9/9,602-я,75600
2025-10-06,Даугавгрива,Звиню 5,2,53,3/5,103-я,31000
2025-10-06,Торнякалнс,Дикя 2,2,52,1/2,Дов. дом,57000
2025-10-06,центр,Бривибас 142,3,100,5/6,Дов. дом,170000
2025-10-06,Межапарк,Кемпес 4,2,68,3/12,Нов.,147500
2025-10-06,центр,Лачплеша 36,2,48,5/5,Рекон.,171000
2025-10-06,центр,Лачплеша 36,3,86,1/6,Рекон.,149500
2025-10-06,центр,Лачплеша 36,2,55,1/6,Рекон.,96075
2025-10-06,Тейка,Берзпилс 59,4,75,1/3,Сталинка,129000
2025-10-06,Пурвциемс,Иерикю 46,3,74,1/3,Сталинка,93000
2025-10-06,Кенгарагс,Прушу 23A,3,91,3/3,Сталинка,92000
2025-10-06,центр,Миленбаха 1,3,74,2/6,Рекон.,91875
2025-10-06,Саркандаугава,Гауенас 1,2,54,4/5,103-я,42000
2025-10-06,Шампетерис-Плескодале,Залвес 47,3,132,4/5,Нов.,300000
2025-10-06,центр,Гростонас 21,2,56,9/10,Нов.,162000
2025-10-06,р-н,ул.Краста Зилупес 4,4,75,1/9,467-я,85000
2025-10-06,Иманта,Анниньмуйжас 38 k. 1,2,59,12/18,Нов.,110000
2025-10-06,центр,Стабу 84,2,52,2/4,Рекон.,105000
2025-10-06,центр,Стрелниеку 8,3,224,2/7,Нов.,442000
2025-10-06,центр,Стрелниеку 5,3,89,2/7,Нов.,394000
2025-10-06,Межапарк,Инчукална 2,4,84,2/4,Рекон.,185000
2025-10-06,Агенскалнс,Ранькя Д. 34,5,178,15/23,Нов.,613000
2025-10-06,Агенскалнс,Тапешу 25,1,55,3/5,Спец. пр.,57000
2025-10-06,Берги,Вейдзирнаву 28,1,25,1/2,Дов. дом,21000
2025-10-06,центр,Стабу 105,3,96,6/6,Дов. дом,177000
2025-10-06,Плявниеки,Дзеню 8,1,39,3/5,М. сем.,30500
2025-10-06,Тейка,Ропажу 14a,2,52,1/10,Нов.,135000
2025-10-06,Вецмилгравис,Эммас 3a,2,50,1/5,Хрущ.,30000
2025-10-06,центр,Аспазияс бульв. 30,2,44,6/6,Дов. дом,82900
2025-10-06,Иманта,Анниньмуйжас 43,5,140,7/24,Нов.,295000
2025-10-06,центр,Барона 124,3,90,2/4,Дов. дом,110000
2025-10-06,Агенскалнс,Калнциема 7,2,49,3/3,Дов. дом,45000
2025-10-06,центр,Лабораторияс 5,3,68,1/5,Нов.,159800
2025-10-06,Иманта,Курземес пр. 152,2,51,9/9,602-я,53500
2025-10-06,Ильгюциемс,Стурес 1a,5,148,3/4,Сталинка,152000
2025-10-06,центр,Калниня 6,3,88,2/5,Рекон.,215000
2025-10-06,центр,Таллинас 86,2,57,6/6,Рекон.,123000
2025-10-06,центр,Таллинас 86,3,85,6/6,Рекон.,171000
2025-10-06,Плявниеки,Купричу 1a,3,72,2/5,Нов.,179500
2025-10-06,центр,Таллинас 86,2,70,6/6,Рекон.,146000
2025-10-06,Дарзциемс,Румбулас 14,4,86,3/5,Нов.,200000
2025-10-06,Дарзциемс,Румбулас 14,2,45,2/5,Нов.,107000
2025-10-06,центр,Валдемара 39,5,160,4/7,Дов. дом,265000
2025-10-06,Иманта,Юрмалас Г. 74a,4,84,3/3,Нов.,279000
2025-10-06,Дарзциемс,Дарзциема 131,3,65,5/5,103-я,78000
2025-10-06,центр,Катринас Д. 5,5,167,3/5,Спец. пр.,174400
2025-10-06,центр,Латгалес 108,6,133,1/3,Спец. пр.,43960
2025-10-06,Пурвциемс,Дзелзавас 42,2,61,9/12,104-я,59200
2025-10-06,Торнякалнс,Мукусалас 35A,1,25,1/2,Дов. дом,21250
2025-10-06,Агенскалнс,Кристапа 10,1,12,2/4,Хрущ.,24000
2025-10-06,Агенскалнс,Ранькя Д. 5,3,76,2/5,Нов.,251500
2025-10-06,центр,Бривибас 132,6,165,2/3,Дов. дом,167800
2025-10-06,Саркандаугава,Аптиекас 8,2,37,1/5,Спец. пр.,38890
2025-10-06,Зиепниеккалнс,Озолциема 36,1,45,8/9,М. сем.,50000
2025-10-06,Плявниеки,Салнас 12,1,31,1/9,602-я,32000
2025-10-06,Саркандаугава,Зиемелю 12,1,26,2/2,Дов. дом,20750
2025-10-06,Агенскалнс,Ранькя Д. 5,2,49,1/5,Нов.,159500
2025-10-06,Агенскалнс,Ранькя Д. 5,1,30,3/5,Нов.,125000
2025-10-06,Иманта,Юрмалас Г. 74,3,65,3/3,Нов.,185400
2025-10-06,центр,Цесу 3,3,72,2/2,Дов. дом,132000
2025-10-06,Плявниеки,Купричу 1A,2,54,2/5,Нов.,129999
2025-10-06,Иманта,Акацию 2D,3,97,1/9,Нов.,255990
2025-10-06,Иманта,Акацию 2F,3,76,9/9,Нов.,213380
2025-10-06,Югла,Силциема 2,2,48,7/12,Чеш. пр.,59000
2025-10-06,Плявниеки,Дравниеку 3 K-1,3,71,6/10,Нов.,152044
2025-10-06,Иманта,Курземес пр. 40,2,50,5/5,Лит. пр.,55000
2025-10-06,Иманта,Анниньмуйжас 28,3,72,16/16,Спец. пр.,85000
2025-10-06,центр,Стабу 16,4,82,5/6,Рекон.,204995
2025-10-06,Пурвциемс,Иерикю 41,2,47,4/5,Лит. пр.,48000
2025-10-06,Ильгюциемс,Палангас 1,3,56,5/5,Лит. пр.,81000
2025-10-06,Засулаукс,Слокас 21,1,31,5/5,Хрущ.,27800
2025-10-06,Волери,Кремери 14,2,32,1/1,Хрущ.,8900
2025-10-06,Иманта,Анниньмуйжас 60,2,49,5/5,Лит. пр.,60000
2025-10-06,Межциемс,Бикерниеку 218,1,33,4/5,103-я,30000
2025-10-06,центр,М. Матиса 3,2,44,1/4,Дов. дом,41000
2025-10-06,Агенскалнс,Кудрас 7,1,33,4/5,Лит. пр.,34600
2025-10-06,Биерини,Далию 8,1,28,1/2,Дов. дом,19000
2025-10-06,центр,Экспорта 14,2,55,5/5,Сталинка,100000
2025-10-06,Мангали,Ледургас 24,2,49,8/9,467-я,43000
2025-10-06,центр,Аусекля 3,3,60,2/5,Дов. дом,155000
2025-10-06,Кливерсала,Узварас бульв. 6,2,39,1/2,Дов. дом,18500
2025-10-06,Пурвциемс,Астрас 8 k-1,3,89,5/24,Нов.,196000
2025-10-06,Дзегужкалнс,Дзирциема 21,2,48,8/12,Чеш. пр.,80000
2025-10-06,Югла,Мурьяню 56,3,59,3/5,Хрущ.,52000
2025-10-06,Тейка,Берзпилс 71,2,60,1/3,Сталинка,65000
2025-10-06,Плявниеки,Павасара г. 5,3,62,1/9,602-я,66000
2025-10-06,Межциемс,Кайвас 48a,3,60,2/6,Нов.,147400
2025-10-06,центр,Элизабетес 27,4,89,4/4,Дов. дом,180000
2025-10-06,Агенскалнс,Ранькя Д. 5,1,30,2/5,Нов.,130000
2025-10-06,центр,Госпиталю 16,2,47,2/5,Хрущ.,82000
2025-10-06,центр,Стрелниеку 19,3,79,1/4,Рекон.,165000
2025-10-06,р-н,ул.Краста Латгалес 237,2,42,1/5,Хрущ.,37600
2025-10-06,центр,Бирзниека-Упиша 20a,1,26,4/7,Нов.,105000
2025-10-06,центр,Варну 11,2,122,1/5,Спец. пр.,155000
2025-10-06,центр,Екаба 26,1,44,5/5,Дов. дом,112000
2025-10-06,Агенскалнс,Олгас 3,3,79,3/3,Дов. дом,109400
2025-10-06,Саркандаугава,Озолу 7,1,39,5/5,Спец. пр.,33400
2025-10-06,Агенскалнс,Акменю 13,4,124,2/4,Рекон.,160940
2025-10-06,центр,Авоту 54,3,63,3/5,Дов. дом,95500
2025-10-06,р-он,ул. Латгалес Ерсикас 18,2,34,3/5,Рекон.,45000
2025-10-06,Болдерая,Гайгалас 23A,1,34,5/5,103-я,37000
2025-10-06,Иманта,Прогреса 2A,1,49,4/12,104-я,120000
2025-10-06,Тейка,Бривибас 201,2,38,4/5,Сталинка,78900
2025-10-06,Зиепниеккалнс,Берзупес 13,3,57,1/5,Лит. пр.,52000
2025-10-06,центр,Зирню 4,2,40,6/6,Хрущ.,50500
2025-10-06,центр,Бривибас 72,4,109,5/5,Дов. дом,120000
2025-10-06,Болдерая,Гобас 24,2,54,5/5,103-я,33000
2025-10-06,Югла,Вангажу 37,3,73,9/12,Чеш. пр.,89800
2025-10-06,Зиепниеккалнс,Вайнёдес 5,3,80,1/2,Рекон.,95000
2025-10-06,Ильгюциемс,Риексту 19,3,54,2/5,Лит. пр.,59400
2025-10-06,центр,Бруниниеку 72a,-,212,1/5,Дов. дом,129000
2025-10-06,Гризинькалнс,Алаукста 7,3,46,2/4,Рекон.,138000
2025-10-06,Гризинькалнс,Алаукста 7,2,46,1/2,Рекон.,120000
2025-10-06,центр,Ганибу Д. 14A,2,45,2/2,Сталинка,82000
2025-10-06,Агенскалнс,Кристапа 2,3,81,1/2,Рекон.,240000
2025-10-06,Иманта,Даммес 24,2,49,5/5,Лит. пр.,45000
2025-10-06,Иманта,Думбрая 29,3,76,1/7,Нов.,219000
2025-10-06,центр,Элизабетес 39,3,104,3/7,Нов.,615000
2025-10-06,Пурвциемс,Браслас 27,3,62,1/7,Рекон.,105000
2025-10-06,центр,Лабораторияс 5,3,43,3/3,Нов.,119800
2025-10-06,центр,Лабораторияс 5,3,68,3/5,Нов.,169800
2025-10-06,центр,Лабораторияс 5,3,68,2/5,Нов.,164800
2025-10-06,центр,Лабораторияс 7A,2,45,2/3,Дов. дом,66800
2025-10-06,Югла,Бривибас 446,4,186,3/3,Нов.,272000
2025-10-06,центр,Валдемара 75,4,181,5/5,Дов. дом,330000
2025-10-06,Золитуде,Анниньмуйжас 7,4,229,13/13,Нов.,270000
2025-10-06,центр,Я. Далиня 8,2,65,6/24,Нов.,179900
2025-10-06,центр,Валдемара 72,2,37,1/3,Рекон.,93000
2025-10-06,центр,Ганибу Д. 13 k1,3,63,4/8,Нов.,95000
2025-10-06,центр,Валдемара 9A,3,82,2/2,Дов. дом,174000
2025-10-06,Иманта,Курземес пр. 62,3,64,2/9,602-я,56900
2025-10-06,Югла,Бривибас 359,2,43,4/6,Хрущ.,49900
2025-10-06,р-он,ул. Латгалес Виляну 1,1,16,4/4,Дов. дом,21870
2025-10-06,центр,Валдемара 72,2,37,1/3,Рекон.,93000
2025-10-06,Чиекуркалнс,Чиекуркална 1 л. 60,2,50,1/3,Дов. дом,46800
2025-10-06,Пурвциемс,Дзелзавас 74C,2,49,2/13,Нов.,114900
2025-10-06,центр,Гертрудес 69,4,190,6/7,Рекон.,295000
2025-10-06,Зиепниеккалнс,Берзупес 31,3,57,3/5,Спец. пр.,62500
2025-10-06,центр,Звайгжню 2,2,52,3/5,Дов. дом,58888
2025-10-06,Иманта,Анниньмуйжас 19,4,88,2/5,Нов.,238500
2025-10-06,центр,Лабораторияс 3,1,45,1/5,Рекон.,89000
2025-10-06,Пурвциемс,Звайгзная Г. 10,3,61,5/5,Лит. пр.,62500
2025-10-06,Вецрига,Театра 2,3,97,2/6,Нов.,260000
2025-10-06,Вецмилгравис,Вецмилгравья 1 л. 46,2,48,2/2,Спец. пр.,50000
2025-10-06,центр,Дунтес 56,2,30,2/3,Дов. дом,27990
2025-10-06,Плявниеки,Рембатес 10,3,77,4/10,Нов.,161400
2025-10-06,центр,Сколас 17,4,112,6/6,Нов.,492000
2025-10-06,Иманта,Курземес пр. 88,3,60,2/5,Лит. пр.,69500
2025-10-06,р-н,ул.Краста Радзиня набережная 29,3,73,5/6,Рекон.,123000
2025-10-06,Мангали,Остас пр. 4-23,2,47,1/5,Лит. пр.,44000
2025-10-06,Пурвциемс,Бранткална 3,3,75,1/9,467-я,80000
2025-10-06,центр,Леяс 5,1,35,4/5,Дов. дом,63000
2025-10-06,Плявниеки,Тинужу 5,1,40,4/9,М. сем.,40000
2025-10-06,Кенгарагс,Латгалес 417,2,50,7/9,467-я,55500
2025-10-06,Агенскалнс,Ранькя Д. 34,3,93,13/23,Нов.,359720
2025-10-06,центр,Валдемара 129,3,80,5/5,Сталинка,125000
2025-10-06,Агенскалнс,Ранькя Д. 31,2,32,1/4,Рекон.,57780
2025-10-06,центр,Пулкв. Бриежа 8,4,98,6/6,Рекон.,233000
2025-10-06,Югла,Скрудалиенас 6,4,100,2/2,Нов.,216000
2025-10-06,центр,Бруниниеку 66,3,77,4/5,Рекон.,159000
2025-10-06,Плявниеки,Праулиенас 16,4,77,4/6,602-я,89000
2025-10-06,Кенгарагс,Аглонас 11,2,46,4/4,Нов.,100000
2025-10-06,центр,Валдемара 72,2,37,1/3,Рекон.,93000
2025-10-06,Плявниеки,Лубанас 123,3,68,4/16,Спец. пр.,68000
2025-10-06,Кенгарагс,Прушу 26,1,21,2/3,Рекон.,45000
2025-10-06,центр,Бруниниеку 93,1,30,1/2,Рекон.,76000
2025-10-06,Кенгарагс,Прушу 26,1,16,3/3,Рекон.,26500
2025-10-06,Плявниеки,Илукстес 32,1,37,1/9,119-я,44000
2025-10-06,Агенскалнс,Ранькя Д. 31,2,54,2/4,Рекон.,85863
2025-10-06,Агенскалнс,М. Нометню 24,2,43,1/5,Рекон.,102396
2025-10-06,Агенскалнс,М. Нометню 24,2,67,5/5,Нов.,165200
2025-10-06,Агенскалнс,М. Нометню 24,3,98,5/5,Нов.,258500
2025-10-06,Агенскалнс,Ранькя Д. 34,4,110,13/22,Нов.,393000
2025-10-06,центр,Дзирнаву 37,3,70,3/7,Нов.,230000
2025-10-06,Кенгарагс,Латгалес 417,2,50,7/9,467-я,55500
2025-10-06,центр,Дзирнаву 37,3,83,2/7,Нов.,290000
2025-10-06,центр,Я. Далиня 8,2,65,6/23,Нов.,179900
2025-10-06,центр,Пулкв. Бриежа 15,3,43,2/7,Рекон.,128400
2025-10-06,Вецмилгравис,Вецмилгравья 5 л. 9,4,151,1/3,Сталинка,35000
2025-10-06,центр,Сколас 17,2,57,2/6,Нов.,199990
2025-10-06,центр,Валдемара 72,3,43,1/3,Рекон.,114300
2025-10-06,центр,Валдемара 72,3,46,1/3,Рекон.,114300
2025-10-06,Пурвциемс,Стирну 13A,3,103,4/6,Нов.,178000
2025-10-06,центр,Сколас 17,2,50,2/7,Нов.,174895
2025-10-06,Агенскалнс,Лиепаяс 2,2,63,5/6,Нов.,189000
2025-10-06,Яунциемс,Яунциема Г. 145,2,40,1/2,Сталинка,38500
2025-10-06,Шкиротава,Гравас 17a,3,96,1/5,Нов.,109000
2025-10-06,Пурвциемс,Упеню 4,5,205,4/4,Спец. пр.,390000
2025-10-06,центр,Валдемара 72,3,43,1/3,Рекон.,114300
2025-10-06,Кенгарагс,Латгалес 417,3,61,9/9,467-я,75000
2025-10-06,Шампетерис-Плескодале,Лиелирбес 11,2,68,17/26,Нов.,149000
2025-10-06,Саркандаугава,Дунтес 31,2,49,4/5,Дов. дом,33000
2025-10-06,центр,Блауманя 12,2,115,1/7,Рекон.,345000
2025-10-06,Ильгюциемс,Дзирциема 47,2,38,5/5,Лит. пр.,50900
2025-10-06,центр,Базницас 45,6,170,3/6,Дов. дом,297000
2025-10-06,Плявниеки,Рембатес 10,2,52,4/10,Нов.,109700
2025-10-06,Даугавгрива,Лепью 15k1,2,46,5/5,103-я,31000
2025-10-06,Даугавгрива,Лепью 11,2,48,1/5,Спец. пр.,40000
2025-10-06,Саркандаугава,Виестура пр. 77,2,46,5/5,103-я,37500
2025-10-06,Пурвциемс,Стайцелес 9,3,62,5/9,602-я,72500
2025-10-06,Кенгарагс,Латгалес 313,1,33,5/12,М. сем.,33000
2025-10-06,Межциемс,Кайвас 33,3,89,2/3,Нов.,189000
2025-10-06,Вецрига,М. Смилшу 13,2,33,3/4,Дов. дом,64900
2025-10-06,центр,Марияс 14,3,36,2/5,Рекон.,110050
2025-10-06,Агенскалнс,Кулдигас 32,3,96,5/5,Рекон.,230000
2025-10-06,Агенскалнс,Валентина 16,3,64,3/4,Нов.,146000
2025-10-06,Агенскалнс,Эрнестинес 15,1,21,2/2,Дов. дом,31000
2025-10-06,Брекши,Бикерниеку 224,2,46,1/5,Спец. пр.,37000
2025-10-06,центр,Марияс 14,1,18,3/5,Рекон.,57090
2025-10-06,центр,Виландес 5,5,165,4/5,Дов. дом,356000
2025-10-06,Вецрига,Шкюню 6,1,42,3/4,Рекон.,142000
2025-10-06,Дзегужкалнс,Дзегужу 7,2,42,4/5,Хрущ.,49500
2025-10-06,центр,Марияс 14,2,34,5/6,Рекон.,104160
2025-10-06,Иманта,Зентенес 4,2,50,5/5,Лит. пр.,67900
2025-10-06,Пурвциемс,Варавикснес Г. 6,3,63,8/9,602-я,78000
2025-10-06,центр,Авоту 8,2,60,3/6,Дов. дом,145000
2025-10-06,Плявниеки,Дзеню 11,2,51,4/9,602-я,58000
2025-10-06,центр,Дзирнаву 92,3,65,5/5,Дов. дом,155000
2025-10-06,Югла,Юглас 5,1,35,3/5,Хрущ.,37000
2025-10-06,центр,Томсона 30,2,81,2/7,Нов.,198000
2025-10-06,Пурвциемс,Дзелзавас 76/4,3,63,9/9,602-я,57000
2025-10-06,Яунциемс,Гайленю 8,1,34,2/5,103-я,31500
2025-10-06,Вецмилгравис,Атлантияс 12,1,35,3/5,103-я,22500
2025-10-06,Плявниеки,Рембатес 10,3,77,3/10,Нов.,157600
2025-10-06,центр,Беньяминяс 13,3,60,2/5,Дов. дом,125000
2025-10-06,центр,Бруниниеку 47,3,62,1/5,Дов. дом,120000
2025-10-06,центр,Валдемара 39,3,149,7/7,Дов. дом,249000
2025-10-06,центр,Лачплеша 114,2,53,3/5,Дов. дом,88000
2025-10-06,Шкиротава,Гравас 17,2,77,2/5,Нов.,89977
2025-10-06,Кенгарагс,Прушу 22-1,2,41,2/5,Хрущ.,36000
2025-10-06,Тейка,Раунас 54b,3,76,3/5,Нов.,207600
2025-10-06,Кенгарагс,Латгалес 431,2,55,2/5,Спец. пр.,59900
2025-10-06,Межциемс,Малиенас 1k2,3,138,4/4,Нов.,269000
2025-10-06,Даугавгрива,Эспланадес 5/1,3,50,1/2,Спец. пр.,30500
2025-10-06,Зиепниеккалнс,Озолциема 46,2,52,9/9,602-я,43500
2025-10-06,центр,Госпиталю 8,3,70,1/5,Спец. пр.,129000
2025-10-06,Ильгюциемс,Лилияс 29,1,27,2/2,Дов. дом,34950
2025-10-06,Пурвциемс,Жагату 20,4,75,6/9,602-я,63950
2025-10-06,центр,Миера 95,2,42,3/5,Дов. дом,47900
2025-10-06,Зиепниеккалнс,Баускас 33,3,100,6/7,Нов.,135000
2025-10-06,Пурвциемс,Марциенас 1,2,59,3/9,119-я,52000
2025-10-06,Мангали,Эзера 13A,1,25,2/2,Дов. дом,13000
2025-10-06,Зиепниеккалнс,Озолциема 12/3,2,58,1/9,119-я,52900
2025-10-06,Даугавгрива,Лепью 13,2,47,2/5,103-я,29700
2025-10-06,Агенскалнс,Лиелирбес 37,2,79,3/3,Нов.,169000
2025-10-06,Агенскалнс,Слокас 24,2,71,2/2,Дов. дом,75255
2025-10-06,Плявниеки,Ренцену 40,1,17,3/5,Рекон.,25000
2025-10-06,Дзегужкалнс,Пурва 16,4,71,1/2,Дов. дом,95000
2025-10-06,Тейка,Бикерниеку 68,1,29,1/5,Хрущ.,42000
2025-10-06,центр,Бруниниеку 89,-,300,6/6,Дов. дом,89999
2025-10-06,р-он,ул. Латгалес Даугавпилс 43,2,55,3/1,Дов. дом,68000
2025-10-06,Зиепниеккалнс,Баускас 15,1,43,4/5,М. сем.,32900
2025-10-06,Агенскалнс,Баускас 15,1,43,4/5,М. сем.,32900
2025-10-06,центр,Стабу 15,-,218,8/8,Сталинка,184000
2025-10-06,Саркандаугава,Слиежу 9a,2,54,2/5,103-я,40000
2025-10-06,центр,Сколас 30,4,118,3/6,Рекон.,240000
2025-10-06,центр,Бривибас 129,3,81,1/6,Дов. дом,145000
2025-10-06,Зиепниеккалнс,Зиепниеккална 64/1,2,71,5/6,Нов.,135000
2025-10-06,Иманта,Клеисту 15,1,36,2/9,602-я,47000
2025-10-06,Пурвциемс,Дзелзавас 81,2,50,7/9,467-я,49000
2025-10-06,центр,Дзирнаву 3А,3,53,1/5,Дов. дом,120900
2025-10-06,Плявниеки,Земес 5,1,41,6/9,М. сем.,39800
2025-10-06,Вецрига,Екаба 26/28,3,110,3/3,Рекон.,220000
2025-10-06,Межциемс,Малиенас 1,3,131,4/4,Нов.,300000
2025-10-06,Вецмилгравис,Вецмилгравья 8,1,27,1/5,467-я,23000
2025-10-06,Иманта,М. Круму 16,2,49,2/9,602-я,48500
2025-10-06,р-он,ул. Латгалес Ерсикас 18,3,47,2/5,Рекон.,54000
2025-10-06,центр,Гану 6,3,74,1/6,Дов. дом,153500
2025-10-06,центр,Стабу 61 K-2,3,79,3/5,Дов. дом,114500
2025-10-06,центр,Петерсалас 2,2,22,1/5,Дов. дом,44000
2025-10-06,центр,Ганибу Д. 14,-,190,2/3,Рекон.,303855
2025-10-06,Агенскалнс,Лудвикя 2,3,90,3/4,Дов. дом,211500
2025-10-06,р-он,ул. Латгалес Даугавпилс 48,1,29,4/5,Дов. дом,26000
2025-10-06,Золитуде,Русес 7,4,95,6/9,119-я,97000
2025-10-06,Межциемс,Кайвас 48A,3,66,2/6,Нов.,147400
2025-10-06,Пурвциемс,Варавикснес Г. 20,2,51,7/9,602-я,53000
2025-10-06,центр,Стабу 100,3,117,7/7,Нов.,420000
2025-10-06,центр,Блауманя 8,6,340,3/6,Дов. дом,350000
2025-10-06,центр,Валдемара 106,3,90,4/8,Сталинка,187000
2025-10-06,Дарзциемс,Зелтиню 20,2,50,5/9,602-я,53600
2025-10-06,центр,Калниня 6,3,79,3/5,Рекон.,209000
2025-10-06,центр,Гростонас 19,3,80,4/10,Нов.,229900
2025-10-06,центр,Рупниецибас 9,3,95,6/6,Рекон.,279000
2025-10-06,Межциемс,Кайвас 33,2,70,1/4,Нов.,128000
2025-10-06,Пурвциемс,Дзелзавас 11,2,42,1/5,Хрущ.,63900
2025-10-06,центр,Аусекля 3,3,64,3/5,Дов. дом,165000
2025-10-06,Чиекуркалнс,Трикатас 11,1,36,2/2,Хрущ.,30000
2025-10-06,центр,Клияну 16,1,20,4/9,Нов.,40900
2025-10-06,Югла,Юглас 10,3,114,8/9,Нов.,155000
2025-10-06,Межапарк,Инчукална 2,3,78,3/4,Рекон.,197000
2025-10-06,Агенскалнс,Кулдигас 45A,2,57,3/3,Дов. дом,22000
2025-10-06,Пурвциемс,Ницгалес 25,3,70,1/5,Спец. пр.,57000
2025-10-06,Шампетерис-Плескодале,Залвес 37,3,79,3/3,Нов.,169000
2025-10-06,центр,Валдемара 72,3,70,2/4,Рекон.,164500
2025-10-06,центр,Звайгжню 21,3,52,3/5,Рекон.,124560
2025-10-06,центр,Рупниецибас 33,3,185,7/7,Нов.,447300
2025-10-06,Плявниеки,Дравниеку 3 K-2,3,62,1/10,Нов.,139610
2025-10-06,центр,Меркеля 8,4,91,4/6,Дов. дом,95550
2025-10-06,р-он,ул. Латгалес Лудзас 56A,1,37,4/5,Дов. дом,45000
2025-10-06,Югла,Бривибас 418,2,52,3/4,Сталинка,120000
2025-10-06,Ильгюциемс,Даугавгривас 132 k-1,2,63,2/5,Сталинка,55000
2025-10-06,Агенскалнс,Слокас 2A,3,58,2/2,Сталинка,120000
2025-10-06,центр,Валдемара 72,3,64,2/5,Рекон.,164500
2025-10-06,Югла,М. Юглас 3a,4,176,3/4,Нов.,205000
2025-10-06,Пурвциемс,Дзелзавас 81,2,49,7/9,467-я,45000
2025-10-06,центр,Дзирнаву 157,4,69,1/3,Дов. дом,73900
2025-10-06,Саркандаугава,Алекша 11,1,25,1/4,Дов. дом,25490
2025-10-06,Мангальсала,Мангальсалас 21,2,41,1/2,Рекон.,44900
2025-10-06,центр,Валдемара 72,3,70,2/4,Рекон.,164500
2025-10-06,центр,Гростонас 9A,4,87,6/8,Нов.,399900
2025-10-06,Дарзциемс,Ницгалес 53,3,77,2/5,103-я,90000
2025-10-06,центр,Гростонас 9A,3,64,3/8,Нов.,304900
2025-10-06,центр,Гростонас 9A,3,70,4/8,Нов.,309900
2025-10-06,Межапарк,Стендера 17C,2,47,2/2,М. сем.,49000
2025-10-06,Агенскалнс,Калнциема 21,-,173,1/2,Рекон.,441000
2025-10-06,центр,Индрану 1,2,51,3/5,Дов. дом,87000
2025-10-06,центр,Валдемара 39,5,108,2/6,Рекон.,340000
2025-10-06,Зиепниеккалнс,Биксту 6,4,138,4/6,Нов.,239950
2025-10-06,центр,Дзирнаву 55,5,135,2/4,Дов. дом,275000
2025-10-06,Вецрига,Грециниеку 22,6,265,3/5,Рекон.,550000
2025-10-06,центр,Стабу 2a,1,45,4/7,Нов.,139700
2025-10-06,Иманта,Имантас 6a,3,54,1/5,Лит. пр.,50000
2025-10-06,центр,Артилерияс 66,2,42,2/2,Дов. дом,77000
2025-10-06,центр,Миленбаха 1,3,76,6/6,Рекон.,95125
2025-10-06,Агенскалнс,Валентина 16k-3,2,65,1/3,Рекон.,190000
2025-10-06,Кенгарагс,Латгалес 258,3,60,5/5,Лит. пр.,48000
2025-10-06,Пурвциемс,Илукстес 107/3,3,60,4/9,467-я,73000
2025-10-06,центр,Весетас 34,3,75,8/12,Чеш. пр.,129000
2025-10-06,Тейка,Ваверес 4,5,168,3/3,Нов.,180000
2025-10-06,центр,Миера 32a,1,27,2/2,Дов. дом,55000
2025-10-06,центр,Миера 32a,3,57,2/2,Дов. дом,110000
2025-10-06,Зиепниеккалнс,Зиепниеккална 75,4,146,1/4,Нов.,297900
2025-10-06,Зиепниеккалнс,Зиепниеккална 75,3,78,1/4,Нов.,217600
2025-10-06,Зиепниеккалнс,Зиепниеккална 75,4,96,2/4,Нов.,267300
2025-10-06,Югла,Квелес 15/15,3,59,2/5,Лит. пр.,56000
2025-10-06,Иманта,Даммес 22,2,40,1/5,Лит. пр.,49900
2025-10-06,Ильгюциемс,Лидоню 1,2,63,3/3,Сталинка,77000
2025-10-06,Ильгюциемс,Лилияс 17А,2,42,4/5,Хрущ.,37500
2025-10-06,центр,Авоту 66a,2,35,1/5,Дов. дом,67000
2025-10-06,Катлакалнс,Гулбью 1,1,29,1/2,Дов. дом,45000
2025-10-06,Агенскалнс,Агенскална 25,2,62,2/3,Нов.,159000
2025-10-06,Кенгарагс,Прушу 21/2,1,12,2/4,М. сем.,19990
2025-10-06,центр,Рупниецибас 44,4,239,7/7,Нов.,590000
2025-10-06,Кливерсала,Х. Целминя 15,5,162,1/4,Рекон.,329000
2025-10-06,Зиепниеккалнс,Дигнаяс 3a,3,91,3/6,Нов.,169000
2025-10-06,Ильгюциемс,Лилияс 15a,2,41,5/5,Хрущ.,43000
2025-10-06,Плявниеки,Ясмуйжас 13,1,32,9/10,467-я,36400
2025-10-06,Ильгюциемс,Спилвес 25,3,73,12/14,Спец. пр.,85000
2025-10-06,Чиекуркалнс,Скултес 4-5,1,25,1/2,Дов. дом,17000
2025-10-06,Саркандаугава,Слиежу 33,2,47,1/5,Хрущ.,29800
2025-10-06,Саркандаугава,Какясекля Д. 22,1,24,1/2,Дов. дом,12500
2025-10-06,Тейка,Бривибас 201,2,59,3/5,Нов.,123000
2025-10-06,Тейка,Бривибас 201,3,64,3/5,Нов.,119900
2025-10-06,Тейка,Бривибас 201,3,86,3/5,Нов.,179500
2025-10-06,Тейка,Бривибас 201,4,88,2/5,Нов.,143900
2025-10-06,Иманта,Даммес 8,3,62,1/9,602-я,48000
2025-10-06,Иманта,Лазду 45,4,117,1/1,Ч. дом,229100
2025-10-06,Кенгарагс,Каниера 6A,1,29,1/5,Лит. пр.,38900
2025-10-06,центр,Блауманя 12,4,166,7/7,Рекон.,349000
2025-10-06,Саркандаугава,Симаня 8,2,38,2/2,Дов. дом,34000
2025-10-06,Вецмилгравис,Вецмилгравья 6,3,63,4/5,Спец. пр.,62500
2025-10-06,Агенскалнс,Валентина 16 k-1,2,39,2/3,Рекон.,93000
2025-10-06,центр,Бривибас 142,5,108,2/6,Рекон.,175000
2025-10-06,Плявниеки,Ясмуйжас 2,1,33,1/9,602-я,43200
2025-10-06,центр,Антонияс 17A,3,90,5/7,Нов.,470000
2025-10-06,Плявниеки,Праулиенас 2,4,77,4/9,602-я,70000
2025-10-06,Саркандаугава,Патверсмес 5k-1,1,35,5/5,Дов. дом,30000
2025-10-06,центр,Таллинас 9,3,46,3/4,Дов. дом,72000
2025-10-06,Плявниеки,Тинужу 12,1,33,6/9,467-я,52000
2025-10-06,Плявниеки,Земес 9,1,41,1/9,М. сем.,42500
2025-10-06,Агенскалнс,Зеллю 13,2,40,3/3,Нов.,154880
2025-10-06,центр,Экспорта 4,6,177,1/5,Рекон.,155000
2025-10-06,центр,Звайгжню 2,1,29,1/5,Дов. дом,29000
2025-10-06,центр,Барона 60,2,64,1/3,Дов. дом,79000
2025-10-06,Пурвциемс,Звайгзная Г. 5,3,61,3/5,Лит. пр.,67000
2025-10-06,центр,Дзирнаву 149,6,193,3/4,Сталинка,230000
2025-10-06,Агенскалнс,Кристапа 10,1,12,3/4,Хрущ.,31000
2025-10-06,Вецмилгравис,Мелидас 2,1,43,1/5,М. сем.,28000
2025-10-06,Торнякалнс,Лудвикя 2,3,90,3/3,Рекон.,211500
2025-10-06,Агенскалнс,Ранькя Д. 34,3,101,9/22,Нов.,234000
2025-10-06,Агенскалнс,Смильгя 23a,3,72,1/2,Ч. дом,129000
2025-10-06,центр,Стрелниеку 5,4,191,1/7,Нов.,649000
2025-10-06,центр,Стрелниеку 8,4,163,7/7,Нов.,616000
2025-10-06,центр,Элку 4,2,41,4/6,Нов.,120000
2025-10-06,Даугавгрива,Парадес 28,2,56,5/5,Хрущ.,42500
2025-10-06,центр,Лугажу 6,1,31,2/5,Лит. пр.,37000
2025-10-06,Агенскалнс,Амалияс 5a,3,70,2/3,Рекон.,187264
2025-10-06,Пурвциемс,Стирну 4,3,119,3/12,Нов.,250000
2025-10-06,р-он,ул. Латгалес Ликснас 16а,1,26,5/5,Дов. дом,25500
2025-10-06,центр,Тербатас 42,4,93,3/5,Дов. дом,160000
2025-10-06,центр,Звайгжню 21,2,29,3/6,Рекон.,70080
2025-10-06,центр,Пиена 4,2,45,2/4,Рекон.,99000
2025-10-06,центр,Лачплеша 36,3,64,6/6,Рекон.,139480
2025-10-06,Чиекуркалнс,Гауяс 37,2,29,1/3,Дов. дом,29000
2025-10-06,центр,Лачплеша 23,5,140,2/6,Дов. дом,210000
2025-10-06,Кенгарагс,Вишкю 7,3,60,1/5,Лит. пр.,44000
2025-10-06,Плявниеки,Каудзишу 1,1,40,8/9,М. сем.,42700
2025-10-06,центр,Пулкв. Бриежа 7,4,107,3/6,Рекон.,210000
2025-10-06,Агенскалнс,Баложу 28,3,71,1/3,Рекон.,185000
2025-10-06,Плявниеки,Купричу 1A,3,103,1/5,Нов.,180000
2025-10-06,центр,Райня бульв. 2,3,112,3/5,Рекон.,665000
2025-10-06,центр,Бруниниеку 92b,1,19,1/4,Дов. дом,35400
2025-10-06,центр,Петерсалас 4,2,31,4/4,Дов. дом,45000
2025-10-06,центр,Базницас 5,5,171,5/5,Рекон.,255000
2025-10-06,центр,Базницас 5,3,51,1/4,Рекон.,82500
2025-10-06,Агенскалнс,Лиепаяс 37C,3,65,2/4,Нов.,172000
2025-10-06,Агенскалнс,Зелмайшу 15,3,70,5.00/6,Нов.,185700
2025-10-06,Агенскалнс,Зелмайшу 15,4,83,3/5,Нов.,205700
2025-10-06,центр,Дзирнаву 3A,3,122,1/5,Дов. дом,195000
2025-10-06,Болдерая,Лемешу 5,3,67,5/5,Спец. пр.,49000
2025-10-06,центр,Калпака бульв. 7,4,107,4/5,Рекон.,515000
2025-10-06,центр,Томсона 39/1,3,119,2/10,Нов.,230000
2025-10-06,Пурвциемс,Андромедас Г. 6,2,38,3/5,Лит. пр.,40000
2025-10-06,Болдерая,Гобас 25,3,55,4/5,Хрущ.,42500
2025-10-06,Тейка,Бикерниеку 13,2,38,1/3,Рекон.,77000
2025-10-06,центр,Матиса 83,2,80,5/6,Дов. дом,105000
2025-10-06,центр,Беньяминяс 10,2,63,4/6,Дов. дом,118000
2025-10-06,Тейка,Ропажу 98,2,34,2/3,Дов. дом,57500
2025-10-06,Кенгарагс,Кенгарага 7,3,60,3/5,Лит. пр.,55500
2025-10-06,Даугавгрива,Слимницас 18,2,40,1/1,Спец. пр.,25000
2025-10-06,Другой,Klusā 18,2,32,7/9,Рекон.,50500
2025-10-06,центр,Бривибас 146,2,33,5/5,Рекон.,68926
2025-10-06,центр,Бривибас 146,3,82,2/5,Рекон.,115360
2025-10-06,Зиепниеккалнс,Виенибас Г. 186a,5,170,6/6,Нов.,269000
2025-10-06,Агенскалнс,Кристапа 8b,1,18,1/4,Дов. дом,23380
2025-10-06,Зиепниеккалнс,Баускас 170,1,27,2/2,Дов. дом,15680
2025-10-06,Зиепниеккалнс,Виенибас Г. 178,1,22,2/2,Дов. дом,9490
2025-10-06,центр,Бривибас 146,2,31,1/5,Рекон.,58930
2025-10-06,центр,Варну 4,1,25,2/2,Дов. дом,22570
2025-10-06,Даугавгрива,Парадес 1B,1,30,2/2,Дов. дом,6890
2025-10-06,центр,Латгалес 108,-,1000,1/3,Спец. пр.,165800
2025-10-06,Агенскалнс,Лудвикя 7,3,40,2/2,Дов. дом,14480
2025-10-06,Пурвциемс,Стирну 13,4,141,5/6,Нов.,230000
2025-10-06,центр,Латгалес 108,-,400,1/3,Ч. дом,112900
2025-10-06,Зиепниеккалнс,Озолциема 30,1,45,9/9,М. сем.,38000
2025-10-06,р-н,ул.Краста Греду 1,1,34,4/5,Спец. пр.,47999
2025-10-06,Чиекуркалнс,Чиекуркална 2 п. л. 1D,2,48,2/2,Дов. дом,64950
2025-10-06,Иманта,Клеисту 75,1,34,1/2,Дов. дом,59000
2025-10-06,центр,Гертрудес 135,1,17,5/5,Дов. дом,40000
2025-10-06,Зиепниеккалнс,Кометас 30,2,65,1/4,Нов.,153000
2025-10-06,Ильгюциемс,Спилвес 25,2,44,4/14,Спец. пр.,50000
2025-10-06,Агенскалнс,Калнциема 62A,2,39,2/2,Дов. дом,33500
2025-10-06,Пурвциемс,Стирну 22,2,40,2/6,Спец. пр.,43900
2025-10-06,Тейка,Ропажу 14b,3,68,4/10,Нов.,190000
2025-10-06,Тейка,Ропажу 14b,3,69,6/10,Нов.,190000
2025-10-06,центр,Весетас 24,2,45,7/10,Нов.,169000
2025-10-06,центр,Весетас 24,2,40,6/10,Нов.,155000
2025-10-06,центр,Весетас 26,3,64,8/10,Нов.,250000
2025-10-06,Кенгарагс,Булту 3,1,33,8/9,467-я,30000
2025-10-06,центр,Дунтес 24,3,58,1/2,Дов. дом,31800
2025-10-06,Чиекуркалнс,Трикатас 16,3,84,1/2,Спец. пр.,78000
2025-10-06,Тейка,Бривибас 201,2,56,5/5,Нов.,126900
2025-10-06,р-он,ул. Латгалес Латгалес 81,3,66,5/5,Дов. дом,49900
2025-10-06,центр,Гертрудес 132,3,35,3/5,Спец. пр.,49750
2025-10-06,Агенскалнс,Элвирас 13A,3,62,2/5,Лит. пр.,69000
2025-10-06,Межциемс,Веца Бикерниеку 19,3,85,2/4,Нов.,168000
2025-10-06,центр,Весетас 26,1,40,6/10,Нов.,150000
2025-10-06,Биерини,Лиепаяс 37C,4,89,2/4,Нов.,220500
2025-10-06,Зиепниеккалнс,Виенибас Г. 87b,3,120,2/3,Рекон.,220000
2025-10-06,Пурвциемс,Унияс 74,3,96,1/4,Ч. дом,155000
2025-10-06,центр,Лачплеша 36,3,87,5/6,Рекон.,130800
2025-10-06,Межапарк,Висбияс пр. 6/8,4,153,1/3,Рекон.,294000
2025-10-06,Иманта,Акацию 2F,4,78,3/9,Нов.,201650
2025-10-06,Межапарк,Эзермалас 4,2,19,3/5,Рекон.,37000
2025-10-06,Тейка,Арайшу 6,1,30,1/3,Ч. дом,55500
2025-10-06,центр,Марияс 8C,-,243,2/2,Дов. дом,245000
2025-10-06,р-он,ул. Латгалес Миленбаха 2,3,74,2/6,Рекон.,91875
2025-10-06,центр,Калниня 6,3,68,5/5,Рекон.,205000
2025-10-06,Болдерая,Плата 3,2,50,2/2,Сталинка,59900
2025-10-06,Иманта,Юрмалас Г. 74,3,63,1/1,Нов.,184900
2025-10-06,центр,Бриана 17,2,48,1/2,Дов. дом,65000
2025-10-06,Агенскалнс,Ауцес 3,2,51,2/3,Дов. дом,95000
2025-10-06,Пурвциемс,Иерикю 60,1,40,5/9,Спец. пр.,46500
2025-10-06,центр,Матиса 59,3,57,3/5,Дов. дом,138000
2025-10-06,Вецмилгравис,Эммас 11,2,50,4/5,Лит. пр.,32000
2025-10-06,Чиекуркалнс,Скултес 5,2,37,1/3,Рекон.,59500
2025-10-06,центр,Лачплеша 36,2,35,3/5,Рекон.,120405
2025-10-06,центр,Блауманя 9a,2,51,5/5,Рекон.,245000
2025-10-06,центр,Катринас Д. 6,2,44,1/3,Рекон.,80100
2025-10-06,Пурвциемс,Иерикю 48,1,19,2/3,М. сем.,14000
2025-10-06,Иманта,Юрмалас Г. 95,3,63,9/9,602-я,70500
2025-10-06,Тейка,Ропажу 56,6,226,1/4,Дов. дом,217600
2025-10-06,Тейка,Ропажу 56,6,114,1/4,Дов. дом,109700
2025-10-06,Чиекуркалнс,Гауяс 37A,1,28,3/3,Дов. дом,16700
2025-10-06,центр,Аусекля 2,3,68,1/5,Дов. дом,222500
2025-10-06,Пурвциемс,Илукстес 109/3,2,45,1/9,467-я,54000
2025-10-06,Межапарк,Висбияс пр. 49,5,92,1/2,Спец. пр.,155000
2025-10-06,центр,Казарму 2a,3,98,4/5,Рекон.,115000
2025-10-06,Пурвциемс,Дзелзавас 104,2,47,8/8,Нов.,113100
2025-10-06,Шампетерис-Плескодале,Калнциема 97,1,26,3/5,Хрущ.,30500
2025-10-06,центр,Лачплеша 36,2,37,4/5,Рекон.,127050
2025-10-06,центр,Сканстес 29a,3,110,8/24,Нов.,229900
2025-10-06,Агенскалнс,Ранькя Д. 34,3,113,6/22,Нов.,276000
2025-10-06,Межапарк,Виестура пр. 93,2,64,1/2,Сталинка,54000
2025-10-06,центр,Гертрудес 78,1,39,5/6,Спец. пр.,68000
2025-10-06,центр,Звайгжню 21,2,45,4/6,Дов. дом,56832
2025-10-06,Гризинькалнс,Звайгжню 21,2,48,3/6,Дов. дом,60672
2025-10-06,Югла,Юглас 1,2,46,1/2,Нов.,94800
2025-10-06,центр,Блауманя 27,4,140,5/5,Дов. дом,168922
2025-10-06,центр,Бривибас 114,4,93,5/6,Дов. дом,119000
2025-10-06,центр,Чака 72,2,51,4/4,Рекон.,109000
2025-10-06,центр,Дзирнаву 70,3,67,1/5,Дов. дом,159000
2025-10-06,центр,Бривибас 46,4,128,5/6,Рекон.,370000
2025-10-06,центр,Стабу 87,2,54,1/5,Рекон.,134275
2025-10-06,Плявниеки,Дзеню 8,1,39,3/5,М. сем.,30390
2025-10-06,Саркандаугава,Виестура пр. 79,2,64,1/2,Сталинка,75000
2025-10-06,Плявниеки,Салнас 20,2,51,5/9,602-я,50000
2025-10-06,Кипсала,Звейниеку 34,2,46,2/3,Нов.,138500
2025-10-06,Пурвциемс,Жагату 20a,2,49,2/9,602-я,52900
2025-10-06,Межциемс,Кайвас 48A,2,49,1/6,Нов.,106200
2025-10-06,Пурвциемс,Дзелзавас 104,3,58,6/8,Нов.,139600
2025-10-06,Ильгюциемс,Саулгожу 17,2,40,1/5,Хрущ.,38800
2025-10-06,центр,Матиса 101,1,30,3/5,Рекон.,61500
2025-10-06,центр,Матиса 101,3,36,4/5,Рекон.,78999
2025-10-06,Тейка,Джутас 13A,2,53,4/5,103-я,69000
2025-10-06,Тейка,Видрижу 6a,2,49,7/7,Спец. пр.,55500
2025-10-06,р-он,ул. Латгалес Калупес 15,1,23,2/5,Дов. дом,37800
2025-10-06,Золитуде,Лейиня 5,3,81,3/9,119-я,80000
2025-10-06,центр,Ханзас 4,2,44,5/5,Хрущ.,75000
2025-10-06,центр,Пулкв. Бриежа 35,3,72,5/7,Нов.,240000
2025-10-06,Шампетерис-Плескодале,Лиелирбес 11,3,90,13/25,Нов.,169000
2025-10-06,центр,Гертрудес 22,4,89,2/5,Дов. дом,259000
2025-10-06,Кенгарагс,Икшкилес 18,2,37,3/5,Лит. пр.,36000
2025-10-06,центр,Бривибас 19,3,70,5/6,Дов. дом,305000
2025-10-06,Зиепниеккалнс,Кекавас 5,2,53,3/5,103-я,49500
2025-10-06,центр,Марияс 14,1,21,3/5,Рекон.,68970
2025-10-06,центр,Марияс 14,1,15,2/5,Рекон.,50160
2025-10-06,центр,Марияс 14,1,19,4/6,Рекон.,61050
2025-10-06,центр,Админю 6,1,27,1/3,Дов. дом,39000
2025-10-06,Ильгюциемс,Стурес 6,3,60,2/5,Лит. пр.,70000
2025-10-06,центр,Стабу 6,6,126,1/6,Дов. дом,139750
2025-10-06,Тейка,Ропажу 5,1,29,4/5,Спец. пр.,40000
2025-10-06,центр,Базницас 27,4,158,5/5,Дов. дом,590000
2025-10-06,Торнякалнс,Коку 10,1,42,1/5,М. сем.,38300
2025-10-06,центр,Лиенес 6a,1,23,2/2,Дов. дом,19900
2025-10-06,центр,Републикас пл. 3,3,103,4/7,Нов.,425000
2025-10-06,центр,Чака 132,2,44,2/5,Дов. дом,101800
2025-10-06,центр,Ерузалемес 6,-,181,2/2,Дов. дом,402000
2025-10-06,Даугавгрива,Слимницас 11,1,23,1/5,103-я,26000
2025-10-06,Пурвциемс,Илукстес 109k-2,3,60,2/9,467-я,62700
2025-10-06,Чиекуркалнс,Русова 7,2,48,1/6,Нов.,109000
2025-10-06,Межапарк,Кемпес 4,3,121,10/12,Нов.,244000
2025-10-06,Ильгюциемс,Балта 19,2,49,4/5,Лит. пр.,42500
2025-10-06,Пурвциемс,Мадонас 27,3,82,6/9,119-я,87000
2025-10-06,Агенскалнс,Марупес 6,1,32,1/2,Рекон.,27446
2025-10-06,Иманта,Анниньмуйжас 40F,2,49,5/5,Лит. пр.,60000
2025-10-06,Пурвциемс,Дзелзавас 74C,3,88,13/13,Нов.,269900
2025-10-06,Агенскалнс,Марупес 6b,1,35,1/2,Рекон.,29669
2025-10-06,Югла,Юглас 27,2,46,1/3,Спец. пр.,50000
2025-10-06,р-он,ул. Латгалес Даугавпилс 48,1,35,1/5,Дов. дом,55000
2025-10-06,центр,Гертрудес 99,1,21,4/6,Дов. дом,42000
2025-10-06,центр,Элизабетес 8,2,52,1/5,Рекон.,140313
2025-10-06,Агенскалнс,Марупес 6,2,37,1/2,Рекон.,51146
2025-10-06,Агенскалнс,Марупес 6,2,55,3/4,Рекон.,118631
2025-10-06,Агенскалнс,Марупес 6,2,69,4/5,Рекон.,144400
2025-10-06,центр,Бривибас 110,4,122,2/6,Дов. дом,206000
2025-10-06,центр,Рупниецибас 33,4,95,2/5,Нов.,323000
2025-10-06,Межциемс,Хипократа 18,3,62,5/6,Нов.,160000
2025-10-06,центр,Ганибу Д. 15,3,84,3/6,Дов. дом,139000
2025-10-06,центр,Бирзниека-Упиша 26,3,84,1/5,Дов. дом,120000
2025-10-06,Вецмилгравис,Домбровска 13,3,67,5/5,Лит. пр.,47800
2025-10-06,центр,Чака 113a,2,52,1/5,Нов.,135000
2025-10-06,центр,Райня бульв. 2,3,75,3/6,Рекон.,395000
2025-10-06,Вецрига,Грециниеку 20,3,120,5/6,Дов. дом,264000
2025-10-06,Межциемс,Эйзенштейна 47a,3,64,6/10,Нов.,158900
2025-10-06,центр,Лачплеша 36,3,85,3/6,Рекон.,130820
2025-10-06,центр,Лачплеша 36,2,45,1/5,Рекон.,149410
2025-10-06,Межциемс,Эйзенштейна 47a,3,65,1/10,Нов.,153400
2025-10-06,Золитуде,Ростокас 40,1,43,5/6,119-я,47000
2025-10-06,Межциемс,Эйзенштейна 47a,4,81,7/10,Нов.,202900
2025-10-06,Плявниеки,Салнас 1,4,75,5/9,467-я,69990
2025-10-06,Межциемс,Эйзенштейна 47a,4,87,8/10,Нов.,216400
2025-10-06,Дрейлини,Валтера 1,4,81,4/4,Нов.,190500
2025-10-06,Плявниеки,Деглава 174,4,73,1/4,Нов.,159900
2025-10-06,Пурвциемс,Мадонас 21,1,57,8/16,Спец. пр.,45000
2025-10-06,Плявниеки,Каудзишу 42,3,63,2/9,602-я,81000
2025-10-06,Иманта,Курземес пр. 152,3,64,4/9,602-я,72000
2025-10-06,Дрейлини,Валтера 1b,2,50,4/4,Нов.,129000
2025-10-06,Гризинькалнс,Терезес 8,2,52,5/5,Рекон.,56000
2025-10-06,Тейка,Бривибас 201,1,38,5/5,Нов.,81900
2025-10-06,Тейка,Бривибас 201,2,63,1/5,Нов.,115900
2025-10-06,Тейка,Бривибас 201,3,73,1/5,Нов.,134900
2025-10-06,Тейка,Бривибас 201,2,55,3/5,Нов.,119900
2025-10-06,Тейка,Бривибас 201,4,93,2/5,Нов.,163900
2025-10-06,Дрейлини,Валтера 1,3,61,3/9,Нов.,142200
2025-10-06,центр,Латгалес 88,3,74,2/5,Дов. дом,77500
2025-10-06,Вецрига,Краму 4,2,89,3/4,Дов. дом,161530
2025-10-06,Межапарк,Инчукална 4,2,68,4/4,Рекон.,152000
2025-10-06,Агенскалнс,Мартиня 8,2,61,5/5,Рекон.,142000
2025-10-06,центр,Чака 72,1,35,4/4,Нов.,79000
2025-10-06,Шкиротава,Крустпилс 77k4,2,48,2/3,Хрущ.,42000
2025-10-06,Торнякалнс,Апшу 4,2,50,1/3,Рекон.,130070
2025-10-06,Тейка,Палму 14,1,26,2/5,Хрущ.,35800
2025-10-06,центр,Бирзниека-Упиша 13,3,80,5/7,Нов.,325000
2025-10-06,Саркандаугава,Хапсалас 9,1,39,1/2,Ч. дом,26000
2025-10-06,центр,Блауманя 29,5,143,4/6,Дов. дом,330000
2025-10-06,Чиекуркалнс,Чиекуркална 5 п. л. 11,2,64,1/3,Нов.,147000
2025-10-06,Агенскалнс,Бишу 17,1,34,2/3,Дов. дом,21000
2025-10-06,Кенгарагс,Прушу 46,3,86,2/10,Спец. пр.,105000
2025-10-06,центр,Лачплеша 109,2,49,1/4,Дов. дом,46550
2025-10-06,Тейка,Арайшу 6,1,30,1/3,Дов. дом,55500
2025-10-06,Золитуде,Анниньмуйжас 2B,4,89,9/9,119-я,85000
2025-10-06,центр,Рупниецибас 50,5,138,6/7,Нов.,399000
2025-10-06,Тейка,Апес 12,4,97,4/6,Спец. пр.,120000
2025-10-06,Ильгюциемс,Даугавгривас 70,3,58,1/5,Спец. пр.,51000
2025-10-06,Зиепниеккалнс,Залениеку 21,2,57,1/4,Нов.,155000
2025-10-06,Кенгарагс,Науйенес 2,3,59,4/5,Лит. пр.,61000
2025-10-06,Луцавсала,Луцавсала 5,2,36,2/9,Нов.,91000
2025-10-06,Пурвциемс,Браслас 27,3,75,4/8,Нов.,119000
2025-10-06,центр,Валдемара 145,4,99,4/6,Спец. пр.,117000
2025-10-06,Плявниеки,Дзеню 6,1,41,4/5,М. сем.,41000
2025-10-06,Вецмилгравис,Вецмилгравья 6,3,59,5/5,Хрущ.,55000
2025-10-06,Кливерсала,Кугю 15,4,96,5/6,Нов.,350000
2025-10-06,Мангальсала,Тралеру 19,2,51,5/5,Спец. пр.,38000
2025-10-06,Даугавгрива,Парадес 30,1,34,5/5,103-я,29000
2025-10-06,Дзегужкалнс,М. Стацияс 4,3,59,1/5,Лит. пр.,55400
2025-10-06,Саркандаугава,Виестура пр. 41,2,46,1/10,Спец. пр.,58950
2025-10-06,Шампетерис-Плескодале,Лиелирбес 13,3,90,17/31,Нов.,167000
2025-10-06,Шампетерис-Плескодале,Лиелирбес 9a,1,24,1/4,Рекон.,61500
2025-10-06,р-он,ул. Латгалес Виляну 6,3,66,5/72,Спец. пр.,50000
2025-10-06,Агенскалнс,М. Нометню 3,1,33,4/6,Спец. пр.,56800
2025-10-06,центр,Дзирнаву 34,6,155,4/5,Рекон.,300000
2025-10-06,Тейка,Бривибас 324,1,33,2/3,Дов. дом,40000
2025-10-06,Гризинькалнс,Звайгжню 15,1,25,1/2,Дов. дом,34000
2025-10-06,центр,Мейеровица бульв. 6,4,129,3/5,Рекон.,449000
2025-10-06,Дзегужкалнс,Дзирциема 1,1,26,5/5,Хрущ.,35000
2025-10-06,р-он,ул. Латгалес Латгалес 150,1,21,1/3,Дов. дом,27000
2025-10-06,Саркандаугава,Хапсалас 5,1,17,4/5,М. сем.,19900
2025-10-06,центр,Виландес 5,5,165,4/5,Дов. дом,255000
2025-10-06,Дарзциемс,Убелес 1,2,56,3/5,103-я,68500
2025-10-06,р-он,ул. Латгалес Латгалес 173,1,26,2/2,Дов. дом,16500
2025-10-06,Чиекуркалнс,Чиекуркална 2 л. 67,1,23,1/2,Дов. дом,26500
2025-10-06,Кенгарагс,Латгалес 279,1,31,3/5,Спец. пр.,32000
2025-10-06,центр,Гростонас 17,2,65,2/8,Нов.,170000
2025-10-06,центр,Валдемара 57/59,3,94,7/7,Рекон.,85000
2025-10-06,центр,Сканстес 29,1,61,3/24,Нов.,119000
2025-10-06,Югла,М. Юглас 3A,4,176,3/3,Нов.,227000
2025-10-06,центр,Ноликтавас 1,2,56,4/5,Дов. дом,119000
2025-10-06,центр,Ноликтавас 3,3,66,1/5,Дов. дом,137000
2025-10-06,центр,Валмиерас 21,2,57,3/3,Дов. дом,74100
2025-10-06,Ильгюциемс,Риексту 16,3,54,1/5,Лит. пр.,53500
2025-10-06,Агенскалнс,Лиепаяс 2,2,81,4/6,Нов.,240000
2025-10-06,Пурвциемс,Пуцес 47,3,100,1/8,Нов.,165000
2025-10-06,Тейка,Бривибас 342,3,69,1/4,Сталинка,87000
2025-10-06,Межциемс,Кайвас 33 k2,2,70,1/4,Нов.,127700
2025-10-06,Болдерая,Гобас 31,2,38,5/5,Хрущ.,29900
2025-10-06,центр,Бирзниека-Упиша 27,2,64,4/6,Дов. дом,120000
2025-10-06,Тейка,Ваверес 4,4,168,3/3,Нов.,180000
2025-10-06,центр,Ганибу Д. 13,2,68,1/7,Нов.,67900
2025-10-06,Дарзциемс,Зелтиню 20,2,50,7/9,602-я,57000
2025-10-06,Иманта,Анниньмуйжас 41,3,80,17/24,Нов.,165000
2025-10-06,Пурвциемс,Дзелзавас 25,2,50,2/8,602-я,57000
2025-10-06,Торнякалнс,Елгава 65,2,39,4/4,Рекон.,99000
2025-10-06,центр,Бирзниека-Упиша 6,2,73,1/3,Дов. дом,92500
2025-10-06,центр,Бривибас 158,3,70,6/6,Дов. дом,75900
2025-10-06,центр,Гертрудес 105,6,209,6/7,Спец. пр.,230000
2025-10-06,Югла,Юглас 23,1,31,1/5,Хрущ.,31500
2025-10-06,Саркандаугава,Патверсмес 6,1,24,2/2,Дов. дом,10200
2025-10-06,центр,Меркеля 8,6,167,5/6,Дов. дом,250000
2025-10-06,Пурвциемс,Унияс 66,3,62,5/9,Спец. пр.,77500
2025-10-06,Кенгарагс,Латгалес 417,3,61,9/9,467-я,75000
2025-10-06,центр,Стабу 93,4,84,5/5,Дов. дом,225000
2025-10-06,Кливерсала,Кугю 26,5,289,6/6,Нов.,910000
2025-10-06,центр,Базницас 27/29,5,202,2/5,Рекон.,1000000
2025-10-06,р-он,ул. Латгалес Краславас 22,2,42,3/5,Рекон.,75000
2025-10-06,Вецрига,Пейтавас 5,3,113,4/5,Рекон.,239000
2025-10-06,Плявниеки,Зебиекстес 3,2,59,3/9,119-я,59500
2025-10-06,центр,Дзирнаву 66,3,67,1/5,Дов. дом,148800
2025-10-06,Пурвциемс,Дзелзавас 19/3,2,59,1/6,Нов.,109000
2025-10-06,центр,Бривибас 158,3,67,1/5,Сталинка,85000
2025-10-06,Вецрига,Пейтавас 5,2,80,2/6,Рекон.,158000
2025-10-06,Вецрига,Кунгу 25,4,169,4/6,Нов.,495000
2025-10-06,Пурвциемс,Сактас 24,3,65,2/3,Спец. пр.,160000
2025-10-06,Золитуде,Грамздас 82,3,178,4/4,Нов.,225000
2025-10-06,центр,Гростонас 21,3,84,4/10,Нов.,250000
2025-10-06,Дарзциемс,Куправас 41,4,110,4/5,Спец. пр.,110000
2025-10-06,Агенскалнс,Калнциема 7,3,63,3/3,Дов. дом,59700
2025-10-06,Пурвциемс,Деглава 106,3,79,2/9,119-я,87000
2025-10-06,Югла,Квелес 24,1,31,5/12,Чеш. пр.,49000
2025-10-06,Межапарк,Либекас 21,3,80,2/3,Рекон.,258000
2025-10-06,центр,Пернавас 43,4,100,2/5,Дов. дом,165000
2025-10-06,центр,Марияс 4,2,31,3/5,Нов.,142500
2025-10-06,центр,Виландес 8,4,145,5/5,Рекон.,303450
2025-10-06,Агенскалнс,Лиепаяс 2,3,97,4/6,Спец. пр.,264000
2025-10-06,Биерини,Далию 23B,4,89,2/3,Нов.,305000
2025-10-06,центр,Дзирнаву 71,5,148,2/4,Рекон.,380000
2025-10-06,Тейка,Вайрога 50,3,64,1/2,Ч. дом,135000
2025-10-06,Иманта,Акацию 2F,2,45,7/9,Нов.,135740
2025-10-06,Тейка,Кастранес 7,2,42,2/4,Хрущ.,76000
2025-10-06,Пурвциемс,Вайдавас 7,2,50,4/5,Лит. пр.,61500
2025-10-06,Саркандаугава,Приежу 4,2,40,2/3,Дов. дом,30000
2025-10-06,Югла,Лорупес 4,1,28,1/2,Хрущ.,28000
2025-10-06,Плявниеки,Плявниеку 12/2,2,39,7/9,Спец. пр.,82000
2025-10-06,центр,Гростонас 21,4,110,3/10,Нов.,369500
2025-10-06,Агенскалнс,Ранькя Д. 34,3,100,8/22,Нов.,315000
2025-10-06,Тейка,Кастранес 3,3,62,5/5,Лит. пр.,61700
2025-10-06,Агенскалнс,Кугю 26,5,289,6/6,Нов.,910000
2025-10-06,центр,Валдемара 10,2,50,2/3,Рекон.,134500
2025-10-06,Межапарк,Виестура пр. 59,2,47,6/9,Спец. пр.,69000
2025-10-06,Вецрига,Грециниеку 30,2,68,5/5,Сталинка,150000
2025-10-06,Зиепниеккалнс,Путну 43,1,45,2/3,Нов.,105000
2025-10-06,центр,Антонияс 24,5,154,6/6,Дов. дом,347779
2025-10-06,Тейка,Бикерниеку 28,2,44,5/6,103-я,60000
2025-10-06,Зиепниеккалнс,Виенибас Г. 186A,3,75,3/6,Нов.,165000
2025-10-06,Вецрига,Калею 14,3,93,2/3,Дов. дом,160000
2025-10-06,Яунциемс,Яунциема 2 п. л. 2,2,36,3/5,Хрущ.,26900
2025-10-06,Саркандаугава,Виестура пр. 59,2,47,6/9,Спец. пр.,69000
2025-10-06,Иманта,Анниньмуйжас 38/1,1,49,10/18,Нов.,85500
2025-10-06,центр,Чака 68,3,70,5/6,Дов. дом,139000
2025-10-06,Пурвциемс,Сеску 63,3,80,1/9,119-я,77000
2025-10-06,Плявниеки,Дравниеку 4,1,50,3/12,104-я,49995
2025-10-06,Пурвциемс,Дзелзавас 108,4,77,6/7,Нов.,225000
2025-10-06,центр,Рупниецибас 21,3,94,3/7,Нов.,315000
2025-10-06,Зиепниеккалнс,Баускас 29/2,2,54,4/5,103-я,52000
2025-10-06,р-он,ул. Латгалес Латгалес 84,2,50,4/6,Дов. дом,35000
2025-10-06,Агенскалнс,Кристапа 10,1,18,3/4,Дов. дом,28700
2025-10-06,Агенскалнс,Кристапа 2,3,83,2/2,Рекон.,240000
2025-10-06,Межциемс,Кайвас 48a,4,86,2/6,Нов.,203700
2025-10-06,центр,Републикас пл. 3,3,106,2/6,Нов.,210000
2025-10-06,Ильгюциемс,Дзирциема 87,2,49,5/5,Лит. пр.,39000
2025-10-06,р-н,ул.Краста Ритупес 16A,1,21,2/2,Дов. дом,14999
2025-10-06,центр,Пурвиша 17,2,68,1/2,Дов. дом,39400
2025-10-06,Саркандаугава,Саркандаугавас 26k1,2,41,5/5,Хрущ.,47500
2025-10-06,Яунциемс,Яунциема Г. 77,2,44,3/3,Спец. пр.,38500
2025-10-06,Саркандаугава,Твайка 16,2,34,3/5,Хрущ.,38000
2025-10-06,Тейка,Иерикю 13,2,45,2/2,Спец. пр.,55000
2025-10-06,центр,Стабу 15,2,55,4/5,Сталинка,115000
2025-10-06,Межапарк,Кишезера 9,3,77,1/7,Нов.,189000
2025-10-06,Биерини,Цодес 58,3,117,1/2,Ч. дом,188000
2025-10-06,Шампетерис-Плескодале,Ирлавас 5,4,300,1/3,Нов.,295000
2025-10-06,центр,Сколас 34,3,96,1/6,Спец. пр.,190000
2025-10-06,р-н,ул.Краста Латгалес 173,1,26,2/2,Дов. дом,18500
2025-10-06,Агенскалнс,Зеллю 13,3,57,2/3,Рекон.,158760
2025-10-06,Агенскалнс,Елгава 65,2,40,2/4,Рекон.,106000
2025-10-06,Кенгарагс,Латгалес 256,2,43,2/5,Хрущ.,52500
2025-10-06,Дзегужкалнс,Усмас 19,2,48,3/7,Нов.,115000
2025-10-06,Торнякалнс,Елгава 65,2,39,4/4,Рекон.,106000
2025-10-06,Дарзциемс,Зелтиню 54,1,41,4/5,М. сем.,33000
2025-10-06,Дзегужкалнс,Салдус 3b,3,63,8/9,Спец. пр.,140000
2025-10-06,Чиекуркалнс,Русова 9,3,77,1/7,Нов.,189000
2025-10-06,р-он,ул. Латгалес Миленбаха 2,3,85,3/5,Дов. дом,98000
2025-10-06,Золитуде,Анниньмуйжас 2,2,61,7/16,104-я,75000
2025-10-06,Межапарк,Инчукална 2,2,68,4/4,Рекон.,152000
2025-10-06,Плявниеки,Салнас 17,4,76,2/9,602-я,63000
2025-10-06,Даугавгрива,Бирзес 42,2,53,2/5,103-я,57000
2025-10-06,р-он,ул. Латгалес Калупес 3,1,41,2/4,Дов. дом,75000
2025-10-06,Югла,Бривибас 399,1,30,2/5,Хрущ.,38000
2025-10-06,Плявниеки,Рембатес 8,3,77,2/10,Нов.,148000
2025-10-06,Пурвциемс,Стирну 49B,3,60,5/5,Лит. пр.,62000
2025-10-06,Кенгарагс,Латгалес 315,1,36,9/12,М. сем.,37000
2025-10-06,центр,Лачплеша 35,4,92,2/6,Рекон.,149000
2025-10-06,центр,Дзирнаву 92,3,131,4/5,Рекон.,398000
2025-10-06,центр,Гертрудес 67A,1,55,1/1,Дов. дом,100000
2025-10-06,Агенскалнс,Зеллю 5,4,80,1/4,Дов. дом,62000
2025-10-06,Тейка,Структору 4a,3,69,1/5,Спец. пр.,87000
2025-10-06,Ильгюциемс,Вайделотес 22,3,61,1/5,Хрущ.,43000
2025-10-06,Вецмилгравис,Ринужу 11,2,52,4/5,Спец. пр.,60000
2025-10-06,Яунциемс,Яунциема Г. 141,2,41,1/2,Хрущ.,40900
2025-10-06,Кенгарагс,Кенгарага 5,3,60,1/5,Лит. пр.,58000
2025-10-06,Дрейлини,Балтинавас 1,3,77,2/10,Нов.,148000
2025-10-06,Иманта,Акацию 2E,3,55,1/9,Нов.,135000
2025-10-06,центр,Бривибас 146,4,85,3/5,Рекон.,165000
2025-10-06,центр,Матиса 111,2,55,3/5,Дов. дом,76000
2025-10-06,Плявниеки,Улброкас 18,3,63,2/9,602-я,72900
2025-10-06,Саркандаугава,Твайка 64,2,58,3/4,Сталинка,61000
2025-10-06,центр,Казарму 3,2,54,4/5,Рекон.,127000
2025-10-06,Пурвциемс,Дудаева Г. 7,2,51,5/5,Лит. пр.,51000
2025-10-06,центр,Барона 10,3,114,2/5,Дов. дом,285000
2025-10-06,Агенскалнс,Кулдигас 39,2,83,1/5,Нов.,126000
2025-10-06,Золитуде,Биезиня 9,4,89,5/10,119-я,79900
2025-10-06,центр,Тербатас 82a,2,59,1/6,Сталинка,89900
2025-10-06,центр,Тербатас 59/61,4,101,1/6,Рекон.,195000
2025-10-06,Болдерая,Лемешу 2A,3,56,2/2,Спец. пр.,22000
2025-10-06,центр,Акас 8,2,75,2/7,Дов. дом,220000
2025-10-06,Межциемс,Бикерниеку 220,2,47,3/5,103-я,59800
2025-10-06,Вецрига,Вагнера 12,2,48,1/4,Дов. дом,139000
2025-10-06,Агенскалнс,Лермонтова 4b,-,44,2/2,Дов. дом,42000
2025-10-06,центр,Райня бульв. 3,4,81,3/6,Рекон.,180000
2025-10-06,Агенскалнс,Мерсрага 5,2,35,1/2,Дов. дом,60000
2025-10-06,Зиепниеккалнс,Озолциема 36,1,45,8/9,М. сем.,45000
2025-10-06,Агенскалнс,Элвирас 12,3,60,1/5,Спец. пр.,80000
2025-10-06,Пурвциемс,Индуля 16,2,51,1/2,Ч. дом,68000
2025-10-06,Плявниеки,Сахарова 19,1,49,2/12,104-я,63000
2025-10-06,Болдерая,Стурманю 5,3,55,5/5,Лит. пр.,52000
2025-10-06,Саркандаугава,Зиемелю 23,1,29,2/2,Рекон.,32000
2025-10-06,Агенскалнс,Слокас 38,1,28,2/2,Дов. дом,23000
2025-10-06,Тейка,Бривибас 146,4,85,3/5,Дов. дом,165000
2025-10-06,Дарзциемс,Румбулас 14,3,61,4/5,Нов.,143500
2025-10-06,центр,Сколас 20,3,113,4/5,Рекон.,400000
2025-10-06,Ильгюциемс,Реньгес 2,2,50,5/5,Лит. пр.,45000
2025-10-06,Берги,Бривибас 443,3,69,2/2,Сталинка,61000
2025-10-06,Межапарк,Инчукална 2,3,78,3/4,Нов.,197000
2025-10-06,Кливерсала,Валгума 25,4,105,2/4,Рекон.,220000
2025-10-06,центр,Блауманя 28a,2,92,2/6,Рекон.,368000
2025-10-06,Торнякалнс,Лудвикя 2,3,90,3/4,Дов. дом,211500
2025-10-06,Югла,Вангажу 35,2,50,7/12,Чеш. пр.,58000
2025-10-06,Гризинькалнс,Терезес 8,1,29,3/5,Спец. пр.,40000
2025-10-06,центр,Дзирнаву 37,1,32,3/7,Нов.,90000
2025-10-06,центр,Гертрудес 10,3,86,5/5,Дов. дом,122000
2025-10-06,центр,Барона 69,1,37,2/3,Рекон.,97000
2025-10-06,Вецмилгравис,Мелидас 3/1,2,51,5/5,Лит. пр.,65000
2025-10-06,Пурвциемс,Стайцелес 11,4,74,1/9,602-я,57000
2025-10-06,Агенскалнс,М. Нометню 11,1,26,2/3,Дов. дом,17000
2025-10-06,центр,Рупниецибас 11,3,97,3/5,Рекон.,400000
2025-10-06,Кенгарагс,Булту 7,1,37,8/12,Спец. пр.,29000
2025-10-06,Гризинькалнс,Асара 15,3,67,1/4,Дов. дом,128000
2025-10-06,р-он,ул. Латгалес Ломоносова 2,1,40,3/4,Дов. дом,43000
2025-10-06,Золитуде,Русес 8,4,97,1/6,119-я,120000
2025-10-06,р-н,ул.Краста Латгалес 145,1,39,3/4,Дов. дом,43000
2025-10-06,Тейка,Джутас 13a,2,45,1/5,103-я,43000
2025-10-06,Вецаки,Пуйкулес 12,4,131,1/3,Нов.,240000
2025-10-06,Вецрига,Мейеровица бульв. 4,5,106,6/6,Дов. дом,179000
2025-10-06,р-н,ул.Краста Салацас 21,1,33,1/9,467-я,35000
2025-10-06,Биерини,Церес 8a,3,82,1/3,Нов.,169000
2025-10-06,Золитуде,Русес 4,2,58,7/7,119-я,56000
2025-10-06,Тейка,Кегума 52,2,63,3/5,Спец. пр.,85000
2025-10-06,Кенгарагс,Латгалес 109,2,40,1/5,Рекон.,48500
2025-10-06,Агенскалнс,Сабилес 13,2,44,1/3,Нов.,139500
2025-10-06,Агенскалнс,Мелнсила 9,1,27,2/3,Дов. дом,53900
2025-10-06,Зиепниеккалнс,Валдекю 68,3,64,9/9,602-я,82000
2025-10-06,Югла,Балтезера 1,4,71,3/5,Спец. пр.,84000
2025-10-06,центр,Гертрудес 71,3,74,6/6,Дов. дом,140000
2025-10-06,Саркандаугава,Дунтес 28,3,131,9/16,Нов.,211000
2025-10-06,центр,Валмиерас 28,3,90,4/5,Рекон.,190000
2025-10-06,Пурвциемс,Пуцес 45,3,97,2/10,Нов.,198000
2025-10-06,центр,Републикас пл. 3,2,56,4/9,Нов.,145000
2025-10-06,центр,Републикас пл. 3,2,61,4/6,Нов.,296450
2025-10-06,центр,Тербатас 97,3,118,6/6,Дов. дом,221000
2025-10-06,центр,Дзирнаву 3,4,165,3/5,Рекон.,309000
2025-10-06,центр,Райня бульв. 2,3,112,4/6,Рекон.,665000
2025-10-06,Шампетерис-Плескодале,Юркалнес 77,2,60,2/2,Нов.,120000
2025-10-06,Ильгюциемс,Дзирциема 71,2,50,5/9,602-я,51800
2025-10-06,Золитуде,Юркалнес 77,1,28,2/2,Нов.,45000
2025-10-06,центр,Райня бульв. 31,3,90,1/5,Дов. дом,115000
2025-10-06,Пурвциемс,Дзелзавас 23,3,78,3/9,602-я,94000
2025-10-06,Ильгюциемс,Лидоню 5,3,56,4/5,Лит. пр.,49850
2025-10-06,Межапарк,Эзермалас 20,4,140,2/3,Дов. дом,330000
2025-10-06,Агенскалнс,Триядибас 1A,4,95,4/7,Нов.,422000
2025-10-06,центр,Бривибас 117,3,70,3/4,Рекон.,175000
2025-10-06,Агенскалнс,Зеллю 13,3,57,2/4,Рекон.,160720
2025-10-06,р-он,ул. Латгалес Католю 9,1,30,4/5,Дов. дом,28000
2025-10-06,Вецрига,Калькю 2,3,79,2/5,Рекон.,250000
2025-10-06,центр,Гертрудес 105,3,60,2/5,Дов. дом,91500
2025-10-06,Иманта,Лазду 41,4,115,1/1,Нов.,230000
2025-10-06,центр,Бирзниека-Упиша 21F,3,60,1/1,Спец. пр.,70000
2025-10-06,Межциемс,Гайльэзера 13,3,87,4/9,Нов.,233168
2025-10-06,центр,Лачплеша 62,2,61,3/5,Спец. пр.,79300
2025-10-06,Пурвциемс,Стирну 4,3,72,3/12,Нов.,135500
2025-10-06,центр,М. Матиса 29,3,58,1/3,Рекон.,134000
2025-10-06,Шампетерис-Плескодале,Юркалнес 77,3,85,4/5,Нов.,165000
2025-10-06,Пурвциемс,Кастранес 1k2,1,18,1/5,Рекон.,35700
2025-10-06,Кливерсала,Кугю 28,3,133,1/7,Нов.,570000
2025-10-06,Золитуде,Анниньмуйжас 4,2,57,9/16,104-я,65000
2025-10-06,центр,Аусекля 3,3,61,1/5,Дов. дом,149000
2025-10-06,Золитуде,Калтувес 77,1,28,1/2,Нов.,40000
2025-10-06,Тейка,Кастранес 1k2,1,18,1/5,Рекон.,35700
2025-10-06,Пурвциемс,Стирну 37A,3,60,6/9,602-я,79900
2025-10-06,Межапарк,Эзермалас 13,4,166,1/5,Нов.,240000
2025-10-06,Золитуде,Биезиня 9,2,60,6/9,119-я,67000
2025-10-06,Межапарк,Инчукална 2,4,96,2/4,Рекон.,198000
2025-10-06,Пурвциемс,Илукстес 101k1,1,38,5/5,103-я,39000
2025-10-06,Дзегужкалнс,Яунсаулес 1,2,39,1/3,Нов.,99000
2025-10-06,Иманта,Акацию 2F,3,62,2/9,Нов.,174058
2025-10-06,Иманта,Акацию 2F,4,78,2/9,Нов.,218858
2025-10-06,центр,Пернавас 38,2,43,1/3,Дов. дом,75000
2025-10-06,Зиепниеккалнс,Озолциема 18,3,72,3/9,119-я,85000
2025-10-06,центр,Лачплеша 29,3,85,3/5,Дов. дом,129000
2025-10-06,Гризинькалнс,Таллинас 96,3,59,2/3,Рекон.,84500
2025-10-06,Иманта,Анниньмуйжас 43,3,107,21/24,Нов.,165000
2025-10-06,центр,Барона 23,5,108,5/5,Рекон.,159500
2025-10-06,центр,Барона 23,4,77,5/5,Рекон.,123700
2025-10-06,Тейка,Бикерниеку 12a,1,29,1/3,Дов. дом,24000
2025-10-06,Тейка,Кастранес 1/2,1,20,1/5,Рекон.,39500
2025-10-06,Кенгарагс,Латгалес 409,2,55,3/5,Спец. пр.,43000
2025-10-06,Зиепниеккалнс,Биксту 6,3,104,4/6,Нов.,175000
2025-10-06,Чиекуркалнс,Саулкрасту 2/4,1,15,2/2,Дов. дом,12500
2025-10-06,центр,Чака 70,4,151,6/6,Дов. дом,299000
2025-10-06,центр,Гертрудес 65,3,66,3/6,Нов.,189000
2025-10-06,Зиепниеккалнс,Зиепью 5,2,40,3/4,Хрущ.,49800
2025-10-06,Агенскалнс,Кугю 28,4,172,5/7,Нов.,980000
2025-10-06,центр,Клуса 20,1,37,2/9,Рекон.,47000
2025-10-06,Вецрига,Мейстару 6,4,67,4/5,Дов. дом,189000
2025-10-06,Ильгюциемс,Скодас 4,3,67,4/5,Лит. пр.,47900
2025-10-06,Болдерая,Силикату 14,1,29,2/3,Хрущ.,26600
2025-10-06,Иманта,Анниньмуйжас 43,4,189,13/24,Нов.,220000
2025-10-06,центр,Пулкв. Бриежа 11,3,68,1/6,Рекон.,150000
2025-10-06,Саркандаугава,Хапсалас 1,3,110,7/8,Нов.,150000
2025-10-06,центр,Валдемара 9,6,210,3/5,Дов. дом,550000
2025-10-06,Болдерая,Финиера 11,1,34,4/5,103-я,30000
2025-10-06,центр,Виландес 6,5,150,3/4,Рекон.,420000
2025-10-06,Пурвциемс,Дзелзавас 81,3,59,3/9,103-я,63000
2025-10-06,Агенскалнс,Смильгя 32,2,43,1/5,Хрущ.,60000
2025-10-06,Плявниеки,Илукстес 22,1,42,5/5,М. сем.,44000
2025-10-06,центр,Марияс 4,2,31,3/5,Рекон.,142500
2025-10-06,Агенскалнс,Амалияс 5a,3,68,3/3,Рекон.,198787
2025-10-06,центр,Стабу 87,3,64,3/5,Рекон.,111807
2025-10-06,центр,Красотаю 13,2,52,5/5,Рекон.,119473
2025-10-06,Агенскалнс,Баложу 1,2,30,1/1,Спец. пр.,30000
2025-10-06,Тейка,Таливалжа 18,2,78,1/2,Дов. дом,115399
2025-10-06,Зиепниеккалнс,Стерсту 15A,3,51,3/3,Нов.,135000
2025-10-06,Саркандаугава,Целиниеку 14,1,20,1/4,Дов. дом,17000
2025-10-06,Кенгарагс,Булту 6,2,49,5/5,Лит. пр.,50000
2025-10-06,Межциемс,Кайвас 48a,3,64,1/6,Нов.,158600
2025-10-06,Шампетерис-Плескодале,Залвес 47,3,92,2/5,Нов.,190000
2025-10-06,Золитуде,Анниньмуйжас 13,4,183,11/12,Нов.,275000
2025-10-06,Кенгарагс,Латгалес 291,3,63,5/5,Лит. пр.,42000
2025-10-06,Пурвциемс,Упеню 21,2,54,1/7,Нов.,111000
2025-10-06,центр,Виландес 8,4,145,5/5,Дов. дом,303450
2025-10-06,Иманта,Анниньмуйжас 38,4,307,18/12,Нов.,260000
2025-10-06,центр,Госпиталю 36,4,190,6/7,Дов. дом,290000
2025-10-06,центр,Цесу 43,3,100,1/6,Рекон.,37000
2025-10-06,Агенскалнс,Виенибас Г. 65,2,55,1/2,Рекон.,63000
2025-10-06,Плявниеки,Рембатес 8,3,77,2/10,Нов.,148000
2025-10-06,центр,Валмиерас 6,2,34,3/3,Дов. дом,30000
2025-10-06,р-он,ул. Латгалес Латгалес 224,2,51,5/9,467-я,57000
2025-10-06,Иманта,Курземес пр. 18,2,36,4/5,М. сем.,39998
2025-10-06,Пурвциемс,Кегума 43,1,39,4/5,М. сем.,45000
2025-10-06,Чиекуркалнс,Чиекуркална 4 п. л. 8,3,65,1/5,Спец. пр.,85000
2025-10-06,р-н,ул.Краста Латгалес 224,2,51,5/9,467-я,57000
2025-10-06,Тейка,Вийциема 8,2,30,1/4,Нов.,78650
2025-10-06,Чиекуркалнс,Чиекуркална 7 п. л. 7a,2,30,1/4,Рекон.,78650
2025-10-06,центр,Клияну 20,1,48,2/4,Рекон.,75000
2025-10-06,Межапарк,Гауяс 63,2,30,1/4,Нов.,78650
2025-10-06,центр,Авоту 73,2,42,2/6,Дов. дом,78000
2025-10-06,Шампетерис-Плескодале,Стендес 1,2,40,4/3,Хрущ.,50000
2025-10-06,Агенскалнс,Баложу 28,1,23,2/3,Рекон.,58000
2025-10-06,Саркандаугава,Виестура пр. 19,2,48,1/3,Хрущ.,36000
2025-10-06,Агенскалнс,Зеллю 13,1,28,1/3,Рекон.,68002
2025-10-06,Агенскалнс,Даугавгривас 68a,2,68,4/5,Сталинка,78000
2025-10-06,Плявниеки,Улброкас 5,1,44,6/9,М. сем.,42000
2025-10-06,Торнякалнс,Виенибас Г. 65,2,55,1/1,Рекон.,63000
2025-10-06,Торнякалнс,Елгава 63,5,240,6/7,Спец. пр.,390000
2025-10-06,Зиепниеккалнс,Виенибас Г. 65,2,55,1/1,Рекон.,63000
2025-10-06,Плявниеки,Салнас 12,3,62,5/9,602-я,83000
2025-10-06,Плявниеки,Сахарова 15,2,49,8/12,104-я,68900
2025-10-06,центр,Клияну 22,2,33,5/8,Рекон.,32400
2025-10-06,Биерини,Арлавас 5,2,68,1/1,Ч. дом,125000
2025-10-06,Зиепниеккалнс,Баускас 43А,2,70,1/4,Сталинка,104500
2025-10-06,Агенскалнс,Элвирас 13B,2,45,2/5,Лит. пр.,67000
2025-10-06,центр,Дзирнаву 31,3,149,6/6,Дов. дом,390000
2025-10-06,Югла,Аудума 31,3,55,2/5,Лит. пр.,55000
2025-10-06,Болдерая,Стурманю 25,2,53,4/4,Нов.,62500
2025-10-06,центр,Клияну 6,2,62,7/9,Нов.,125000
2025-10-06,Вецрига,Мейстару 6,4,67,4/5,Дов. дом,189000
2025-10-06,центр,Стабу 49a,4,130,4/6,Дов. дом,325000
2025-10-06,Тейка,Джутас 15,1,26,1/1,Ч. дом,28000
2025-10-06,Плявниеки,Дравниеку 1,3,71,7/10,Нов.,165000
2025-10-06,р-он,ул. Латгалес Лудзас 42 k-1,2,44,1/5,Хрущ.,46490
2025-10-06,Иманта,Анниньмуйжас 38k-2,2,60,4/18,Нов.,107000
2025-10-06,Иманта,Клеисту 11,2,51,2/9,602-я,46100
2025-10-06,Гризинькалнс,Дарзауглю 1,3,112,7/7,Нов.,190000
2025-10-06,Иманта,Зентенес 4,2,50,1/5,Лит. пр.,47000
2025-10-06,центр,Госпиталю 36A,2,45,3/7,Рекон.,83888
2025-10-06,центр,Чака 109,3,89,5/5,Дов. дом,119900
2025-10-06,центр,Вежу 14,2,46,2/6,Нов.,115000
2025-10-06,центр,Стрелниеку 5,4,118,2/7,Нов.,625000
2025-10-06,р-он,ул. Латгалес Латгалес 137,3,74,1/2,Дов. дом,80000
2025-10-06,Агенскалнс,Ранькя Д. 34,3,96,10/22,Нов.,232000
2025-10-06,Югла,Бривибас 446,4,341,4/4,Нов.,345000
2025-10-06,Кливерсала,Узварас бульв. 3A,1,25,4/5,Рекон.,57500
2025-10-06,Межциемс,Гайльэзера 7,3,87,2/9,Нов.,215000
2025-10-06,Пурвциемс,Веявас 3,2,46,1/2,Хрущ.,45000
2025-10-06,Плявниеки,Дравниеку 6,3,63,2/9,602-я,67000
2025-10-06,центр,Райня бульв. 31,2,64,2/5,Дов. дом,200000
2025-10-06,центр,Барона 96/98,1,32,3/6,Дов. дом,78000
2025-10-06,Югла,Юглас 42,2,45,5/5,Лит. пр.,61000
2025-10-06,Берги,Бривибас 446,4,341,4/4,Нов.,345000
2025-10-06,Пурвциемс,Пуцес 45,6,206,7/8,Нов.,249500
2025-10-06,Вецрига,Грециниеку 26,6,389,4/4,Рекон.,1900000
2025-10-06,центр,Ленчу 2,2,45,1/6,Дов. дом,130000
2025-10-06,Вецрига,М. Смилшу 12,5,263,5/6,Рекон.,600000
2025-10-06,Плявниеки,Ю. Вациеша 12,2,50,3/9,602-я,55000
2025-10-06,центр,Экспорта 14,2,56,4/5,Сталинка,110000
2025-10-06,центр,Цесу 43,4,87,6/7,Дов. дом,234000
2025-10-06,Агенскалнс,Добелес 4a,3,58,1/2,Дов. дом,45000
2025-10-06,Пурвциемс,Стирну 57,2,45,4/5,Лит. пр.,54360
2025-10-06,Торнякалнс,Баускас 15,1,43,4/5,М. сем.,32900
2025-10-06,Межциемс,Гайльэзера 2,4,77,2/9,602-я,69000
2025-10-06,центр,Марияс 1,3,80,3/6,Дов. дом,115000
2025-10-06,центр,Матиса 48,2,50,2/2,Дов. дом,63000
2025-10-06,центр,Калниня 6,3,88,2/5,Рекон.,215000
2025-10-06,Вецмилгравис,Вецмилгравья 1 л. 49,1,28,3/5,Лит. пр.,22500
2025-10-06,центр,Стабу 6,3,126,1/6,Дов. дом,140000
2025-10-06,Вецмилгравис,Калнгалес 8,1,36,2/9,602-я,24000
2025-10-06,Агенскалнс,Лиепаяс 2,4,118,5/6,Нов.,259800
2025-10-06,Пурвциемс,Илукстес 58,2,48,2/5,Лит. пр.,54000
2025-10-06,Ильгюциемс,Реньгес 7k-2,2,45,2/3,Спец. пр.,43900
2025-10-06,Дарзциемс,Славу 23/3,2,43,1/2,Спец. пр.,40500
2025-10-06,Тейка,Пиебалгас 8,2,49,2/2,Дов. дом,45000
2025-10-06,центр,Гертрудес 135,1,27,2/5,Дов. дом,24000
2025-10-06,Чиекуркалнс,Чиекуркална 8 п. л. 1c,2,53,5/5,103-я,75000
2025-10-06,Пурвциемс,Ницгалес 12,1,33,3/5,Лит. пр.,38000
2025-10-06,Пурвциемс,Деглава 59,2,60,1/6,119-я,61000
2025-10-06,Болдерая,Гобас 20,1,40,3/9,Спец. пр.,25500
2025-10-06,центр,Экспорта 11A,2,49,3/7,Нов.,200888
2025-10-06,Тейка,Арайшу 6,1,30,1/3,Дов. дом,55500
2025-10-06,Мангали,Морес 21,4,134,4/4,Нов.,204900
2025-10-06,Даугавгрива,Бирзес 46,2,56,2/5,103-я,49000
2025-10-06,Аплокциемс,Морес 21,4,134,4/4,Нов.,204900
2025-10-06,центр,Стрелниеку 1a,3,66,3/5,Спец. пр.,167999
2025-10-06,центр,Асара 11,2,55,2/3,Рекон.,165000
2025-10-06,Кенгарагс,Икшкилес 17,3,82,4/5,Нов.,119000
2025-10-06,Шкиротава,Гравас 17,3,82,4/5,Нов.,119000
2025-10-06,Межапарк,Межнорас 21,4,134,4/4,Нов.,204900
2025-10-06,центр,Матиса 59,1,20,5/5,Рекон.,31500
2025-10-06,центр,Лачплеша 36,1,28,2/5,Рекон.,95220
2025-10-06,Кенгарагс,Локомотивес 46,2,39,1/5,Лит. пр.,34800
2025-10-06,Ильгюциемс,Гривас 11,3,55,3/5,Хрущ.,62000
2025-10-06,центр,Лачплеша 36,3,64,5/5,Рекон.,241680
2025-10-06,центр,Пиена 2,2,48,3/3,Рекон.,117000
2025-10-06,Вецрига,Калькю 2,2,52,5/5,Рекон.,160000
2025-10-06,Аплокциемс,Бриежу 7,1,26,2/6,Нов.,57000
2025-10-06,Золитуде,Скринес 6,3,73,3/3,Нов.,175000
2025-10-06,Иманта,Курземес пр. 94,2,51,7/9,602-я,46000
2025-10-06,Зиепниеккалнс,Озолциема 16k2,4,95,5/9,119-я,126000
2025-10-06,Агенскалнс,Кристапа 8,2,30,1/4,Хрущ.,36000
2025-10-06,центр,Дзирнаву 92,3,65,5/5,Дов. дом,155000
2025-10-06,центр,Дзирнаву 113A,6,145,4/6,Дов. дом,319000
2025-10-06,Иманта,Кооператива 4a,2,48,5/5,Лит. пр.,53000
2025-10-06,центр,Алберта 9,6,254,4/5,Рекон.,620000
2025-10-06,Межциемс,Кайвас 50k3,2,56,1/5,Нов.,108888
2025-10-06,Агенскалнс,Лермонтова 4A,4,115,2/3,Дов. дом,180000
2025-10-06,Вецмилгравис,Ринкас 5,3,66,5/5,Лит. пр.,50000
2025-10-06,Кенгарагс,Латгалес 250/6,2,39,3/5,Лит. пр.,36800
2025-10-06,Югла,Тирзас 1a,1,31,5/4,Хрущ.,32700
2025-10-06,Кенгарагс,Латгалес 423,2,46,4/5,Лит. пр.,48000
2025-10-06,Пурвциемс,Дзелзавас 74C,3,66,3/13,Нов.,166700
2025-10-06,Югла,Юглас 35,3,58,3/5,Хрущ.,54000
2025-10-06,Агенскалнс,Акменю 13,4,90,2/4,Рекон.,153000
2025-10-06,Тейка,Буртниеку 33,1,18,4/5,М. сем.,16500
2025-10-06,р-он,ул. Латгалес Католю 9,3,51,3/5,Дов. дом,35000
2025-10-06,Золитуде,Лиедес 2,4,123,4/4,Нов.,238000
2025-10-06,центр,Бруниниеку 119,1,22,2/5,Сталинка,25000
2025-10-06,Кенгарагс,Авиацияс 9,4,75,1/5,Лит. пр.,72000
2025-10-06,центр,Алаукста 7a,2,37,1/2,Рекон.,115000
2025-10-06,Тейка,Бривибас 201,4,100,2/5,Нов.,182900
2025-10-06,Тейка,Бривибас 201,3,71,3/5,Нов.,123000
2025-10-06,Межапарк,Виестура пр. 83,6,150,2/2,Рекон.,300000
2025-10-06,Пурвциемс,Илукстес 60,3,67,2/5,Лит. пр.,61500
2025-10-06,р-он,ул. Латгалес Коюсалас 15,2,41,4/5,Нов.,114800
2025-10-06,Тейка,Бривибас 201,3,76,2/5,Нов.,145900
2025-10-06,Ильгюциемс,Риексту 7,1,40,3/5,М. сем.,41000
2025-10-06,Дарзциемс,Резекнес 27,6,207,2/3,Спец. пр.,255000
2025-10-06,Ильгюциемс,Стурес 2,1,36,1/5,Хрущ.,25000
2025-10-06,Зиепниеккалнс,Озолциема 42,2,52,8/9,602-я,58000
2025-10-06,Кенгарагс,Икшкилес 5,1,33,6/12,Чеш. пр.,34000
2025-10-06,Тейка,Дзербенес 11,5,100,2/2,Дов. дом,99000
2025-10-06,Вецмилгравис,Вецмилгравья 6,2,46,1/5,Хрущ.,28000
2025-10-06,центр,Стрелниеку 9,4,177,5/6,Рекон.,700000
2025-10-06,Гризинькалнс,Асара 12/3,1,29,3/5,Рекон.,74900
2025-10-06,Агенскалнс,Бишу 15,3,72,2/3,Рекон.,197943
2025-10-06,центр,Клуса 21,1,20,1/4,Дов. дом,29900
2025-10-06,Иманта,Акацию 2F,2,45,7/9,Нов.,135740
2025-10-06,Зиепниеккалнс,Баускас 29,2,52,1/3,Дов. дом,81000
2025-10-06,Плявниеки,Салнас 32,2,49,3/9,602-я,52000
2025-10-06,Саркандаугава,Какясекля Д. 20,1,24,2/3,Дов. дом,15000
2025-10-06,Золитуде,Анниньмуйжас 7,2,63,3/13,Нов.,105000
2025-10-06,центр,Элизабетес 27,4,87,3/4,Дов. дом,198000
2025-10-06,Вецмилгравис,Ледус 2,1,35,8/9,602-я,32000
2025-10-06,центр,Катринас Д. 27,2,58,7/12,Рекон.,134000
2025-10-06,р-н,ул.Краста Лубанас 8,1,34,5/9,467-я,43500
2025-10-06,центр,Цесу 52,5,119,3/5,Дов. дом,185000
2025-10-06,центр,Краста 21,2,56,3/3,Рекон.,110000
2025-10-06,Иманта,М. Круму 10,1,33,5/9,602-я,34000
2025-10-06,Пурвциемс,Звайгзная Г. 3,2,50,3/5,Лит. пр.,47000
2025-10-06,Плявниеки,Ренцену 40,4,73,2/5,Рекон.,91000
2025-10-06,р-н,ул.Краста Латгалес 68,3,69,4/6,Нов.,230000
2025-10-06,Пурвциемс,Дзелзавас 25,4,77,4/9,602-я,65600
2025-10-06,центр,Дзирнаву 3,4,165,3/5,Дов. дом,309000
2025-10-06,центр,Пулкв. Бриежа 21,2,81,4/7,Нов.,300000
2025-10-06,центр,Томсона 30,3,126,3/9,Нов.,250000
2025-10-06,центр,Стабу 16,5,143,5/6,Дов. дом,249000
2025-10-06,р-он,ул. Латгалес Элияс 26,3,69,4/6,Нов.,230000
2025-10-06,Пурвциемс,Ницгалес 23,3,62,4/5,Лит. пр.,80000
2025-10-06,Золитуде,Золитудес 75k4,2,74,3/6,Нов.,137000
2025-10-06,центр,Масту 2,2,41,5/5,Хрущ.,65000
2025-10-06,Вецмилгравис,Стиебру 8,1,28,5/5,Лит. пр.,27000
2025-10-06,центр,Гану 6,4,151,6/7,Дов. дом,390880
2025-10-06,Пурвциемс,Варавикснес Г. 6,3,62,3/9,602-я,65499
2025-10-06,центр,Спаргелю 10,2,34,2/4,Нов.,89900
2025-10-06,Пурвциемс,Дзелзавас 19,2,41,5/5,Хрущ.,53000
2025-10-06,центр,Дзирнаву 92,4,132,4/5,Рекон.,430000
2025-10-06,центр,Майзницас 4,2,65,1/1,Дов. дом,65000
2025-10-06,Саркандаугава,Аптиекас 17B,2,24,2/2,Рекон.,39950
2025-10-06,Межапарк,Кемпес 4,3,121,7/12,Нов.,209000
2025-10-06,Зиепниеккалнс,Баускас 67k2,2,41,1/3,Хрущ.,55000
2025-10-06,Пурвциемс,Мадонас 27,1,41,1/9,119-я,39500
2025-10-06,Зиепниеккалнс,Озолциема 18,2,61,2/9,119-я,54000
2025-10-06,Гризинькалнс,Звайгжню 2,2,52,3/5,Дов. дом,105200
2025-10-06,центр,Звайгжню 2,2,52,3/5,Дов. дом,105200
2025-10-06,Иманта,М. Круму 18,3,60,5/9,602-я,55000
2025-10-06,Межциемс,Кайвас 29,3,81,4/4,Нов.,200000
2025-10-06,центр,Дарзауглю 1,3,112,7/7,Нов.,190000
2025-10-06,Шампетерис-Плескодале,Юркалнес 87,2,46,1/5,Нов.,97000
2025-10-06,Агенскалнс,Улманя Г. 96,3,86,1/5,Нов.,190000
2025-10-06,центр,Бирзниека-Упиша 10a,3,67,4/5,Дов. дом,200000
2025-10-06,Золитуде,Юркалнес 87,2,46,1/5,Нов.,97000
2025-10-06,Тейка,Земитана пл. 5,3,112,7/7,Нов.,190000
2025-10-06,Шампетерис-Плескодале,Стендес 3,2,45,2/4,Хрущ.,45500
2025-10-06,центр,Пернавас 1,2,56,3/5,Сталинка,95000
2025-10-06,Тейка,Джутас 13,2,52,5/5,Спец. пр.,50000
2025-10-06,р-н,ул.Краста Дзервью 3,3,57,2/12,602-я,63500
2025-10-06,Агенскалнс,Калнциема 25,2,40,3/3,Дов. дом,52000
2025-10-06,Мангальсала,Албатросу 24,4,90,5/5,Спец. пр.,70000
2025-10-06,Золитуде,Грамздас 80,3,211,4/4,Нов.,285000
2025-10-06,центр,Валдемара 151,2,50,1/9,Чеш. пр.,50000
2025-10-06,Межциемс,Хипократа 35,1,30,8/9,602-я,35000
2025-10-06,Пурвциемс,Бранткална 6,3,80,5/9,119-я,79900
2025-10-06,центр,Лачплеша 53,2,45,5/5,Дов. дом,125000
2025-10-06,центр,Сколас 36A,2,50,1/5,Дов. дом,59900
2025-10-06,Дзегужкалнс,Слокас 59A,3,87,1/5,Нов.,185000
2025-10-06,Зиепниеккалнс,Озолциема 32-K2,2,52,8/9,602-я,57900
2025-10-06,Иманта,Ригондас Г. 10,2,49,3/9,602-я,55300
2025-10-06,Межциемс,Кайвас 33,2,64,2/4,Нов.,130000
2025-10-06,Брекши,Югласциема б. 60,2,69,1/2,Нов.,143000
2025-10-06,Югла,Бривибас 338,3,84,7/7,Нов.,153000
2025-10-06,Вецмилгравис,Балтасбазницас 33,3,60,2/2,Сталинка,64500
2025-10-06,Кенгарагс,Саласпилс 16В,1,32,12/12,Чеш. пр.,37000
2025-10-06,Межциемс,Гайльэзера 4,3,64,8/9,602-я,62000
2025-10-06,Агенскалнс,Гарденес 3,4,90,1/5,Спец. пр.,104000
2025-10-06,Пурвциемс,Иерикю 60,3,66,4/9,Спец. пр.,82500
2025-10-06,Агенскалнс,Мелнсила 28,3,58,5/5,Хрущ.,80000
2025-10-06,Ильгюциемс,Вайделотес 20,2,43,5/5,Хрущ.,52000
2025-10-06,Румбула,Латгалес 415,3,59,3/9,467-я,44000
2025-10-06,Кенгарагс,Латгалес 415,3,59,3/9,467-я,44000
2025-10-06,р-он,ул. Латгалес Латгалес 415,3,59,3/9,467-я,44000
2025-10-06,центр,Валдемара 73,3,115,4/6,Рекон.,297000
2025-10-06,центр,Бривибас 64,3,87,5/5,Рекон.,122000
2025-10-06,Пурвциемс,Ницгалес 46 k1,2,57,2/5,103-я,67000
2025-10-06,Югла,Тирзас 3/3,3,70,5/5,Спец. пр.,80000
2025-10-06,Плявниеки,Сахарова 1,2,51,1/9,602-я,59900
2025-10-06,центр,Пулкв. Бриежа 8,5,177,4/6,Дов. дом,309000
2025-10-06,центр,Рупниецибас 25,4,173,6/6,Нов.,490000
2025-10-06,Иманта,Курземес пр. 88,3,54,4/5,Лит. пр.,65000
2025-10-06,центр,Бирзниека-Упиша 10a,3,65,2/5,Рекон.,205000
2025-10-06,Пурвциемс,Илукстес 101/1,2,38,3/5,103-я,39900
2025-10-06,центр,Лугажу 14A,1,34,2/3,Рекон.,55000
2025-10-06,центр,Заубес 7,3,87,2/6,Рекон.,285000
2025-10-06,центр,Блауманя 25,2,53,2/5,Дов. дом,113000
2025-10-06,центр,Латгалес 131,3,105,2/4,Дов. дом,145000
2025-10-06,центр,Асара 11,2,50,3/6,Рекон.,148500
2025-10-06,Мангали,Царникавас 3c,1,102,1/1,Рекон.,100000
2025-10-06,р-н,ул.Краста Зилупес 4,4,75,1/9,467-я,85000
2025-10-06,Межапарк,Гауяс 63,1,19,2/4,Нов.,48750
2025-10-06,Чиекуркалнс,Чиекуркална 7 п. л. 7A,2,31,4/4,Нов.,69800
2025-10-06,Межапарк,Гауяс 63,2,28,1/4,Нов.,64540
2025-10-06,Чиекуркалнс,Чиекуркална 7 п. л. 7A,1,23,3/4,Рекон.,55355
2025-10-06,Межциемс,Кайвас 50k3,2,56,1/5,Нов.,108888
2025-10-06,Межциемс,Эйзенштейна 59,3,63,6/9,602-я,60000
2025-10-06,Шампетерис-Плескодале,Калнциема 106,2,57,1/5,Рекон.,60000
2025-10-06,Пурвциемс,Упеню 11,3,82,3/7,Нов.,177000
2025-10-06,Саркандаугава,Хапсалас 1/1,2,63,2/7,Рекон.,81800
2025-10-06,центр,Дунтес 20,3,71,1/2,Дов. дом,42000
2025-10-06,Агенскалнс,Бариню 11,1,31,2/3,Дов. дом,31000
2025-10-06,Межциемс,Эйзенштейна 77,4,78,6/9,602-я,112500
2025-10-06,р-он,ул. Латгалес Ерсикас 18,3,43,4/5,Рекон.,58590
2025-10-06,Агенскалнс,Кулдигас 15,3,64,1/5,103-я,75500
2025-10-06,р-он,ул. Латгалес Ерсикас 18,2,40,1/5,Рекон.,48500
2025-10-06,Плявниеки,Сахарова 5k1,1,36,8/9,602-я,35000
2025-10-06,центр,Пернавас 41,3,73,2/6,Рекон.,225000
2025-10-06,Тейка,Ваверес 4,5,172,1/3,Нов.,280000
2025-10-06,Агенскалнс,Вея 33,3,52,1/3,Нов.,119990
2025-10-06,Агенскалнс,Вея 33,3,62,1/3,Нов.,147000
2025-10-06,Торнякалнс,Вея 33,3,61,3/3,Нов.,150000
2025-10-06,Торнякалнс,Вея 33,3,62,1/3,Нов.,147000
2025-10-06,Иманта,Лазду 45,4,105,1/1,Нов.,229100
2025-10-06,Плявниеки,Ю. Вациеша 2,4,77,8/9,602-я,71000
2025-10-06,Вецрига,Вецпилсетас 3,6,170,4/6,Рекон.,400000
2025-10-06,Дзегужкалнс,Даугавгривас 70k2,2,48,3/5,Хрущ.,54000
2025-10-06,Межциемс,Хипократа 19,3,63,2/9,602-я,62900
2025-10-06,Зиепниеккалнс,Озолциема 18,3,74,6/9,119-я,74900
2025-10-06,центр,Матиса 63,1,25,7/7,Рекон.,74500
2025-10-06,центр,Матиса 63,2,43,3/7,Рекон.,112200
2025-10-06,Кенгарагс,Кенгарага 7,3,60,3/5,Лит. пр.,59990
2025-10-06,Иманта,Курземес пр. 44,2,49,1/5,Лит. пр.,61500
2025-10-06,Кенгарагс,Прушу 1/2,2,44,5/5,Лит. пр.,49990
2025-10-06,Вецмилгравис,Ринкас 7,2,55,4/9,602-я,59990
2025-10-06,Иманта,Курземес пр. 36,2,49,1/5,Лит. пр.,57000
2025-10-06,центр,Алаукста 7,3,47,4/4,Рекон.,143000
2025-10-06,Золитуде,Грамздас 82,3,65,1/4,Нов.,139000
2025-10-06,Торнякалнс,Акменю 15,1,28,2/6,Дов. дом,61500
2025-10-06,центр,Садовникова 29a,4,110,5/6,Рекон.,190000
2025-10-06,центр,Чака 44,3,97,1/5,Дов. дом,135000
2025-10-06,Вецмилгравис,Эммас 30,3,69,1/4,Сталинка,84700
2025-10-06,Мангали,Эзера 9,3,86,3/4,Сталинка,69000
2025-10-06,центр,Рупниецибас 33,3,70,3/7,Нов.,234000
2025-10-06,центр,Рупниецибас 33,3,75,5/7,Нов.,255000
2025-10-06,Зиепниеккалнс,Путну 43,2,41,3/3,Нов.,110000
2025-10-06,Ильгюциемс,Лиелезерес 10,1,51,1/5,Нов.,90000
2025-10-06,центр,Бруниниеку 28,4,129,5/6,Рекон.,260000
2025-10-06,Дзегужкалнс,Лиелезерес 10,1,51,1/5,Нов.,90000
2025-10-06,центр,Бривибас 73,3,147,4/5,Дов. дом,305000
2025-10-06,Гризинькалнс,Алаукста 7,2,34,1/4,Рекон.,100000
2025-10-06,центр,Стрелниеку 8,4,155,7/7,Нов.,603000
2025-10-06,Межапарк,Яуна Межапарка 36,4,245,3/3,Нов.,564000
2025-10-06,Золитуде,Анниньмуйжас 20,3,100,3/5,Нов.,175000
2025-10-06,Берги,Бергю 13,4,183,2/3,Спец. пр.,220000
2025-10-06,Агенскалнс,Слокас 59A,3,87,1/5,Нов.,185000
2025-10-06,Агенскалнс,Калнциема 39 b,6,127,1/4,Дов. дом,190000
2025-10-06,Зиепниеккалнс,Брукнас 8,2,60,3/11,119-я,71500
2025-10-06,Зиепниеккалнс,Озолциема 8,1,29,10/13,Спец. пр.,34500
2025-10-06,Мангальсала,Тралеру 19,4,82,4/5,103-я,63000
2025-10-06,р-н,ул.Краста Латгалес 223,1,27,2/3,Дов. дом,35000
2025-10-06,Югла,Юглас 10,4,201,8/9,Нов.,198000
2025-10-06,Плявниеки,Илукстес 95,1,43,8/9,119-я,42000
2025-10-06,центр,Лачплеша 47,3,95,4/5,Дов. дом,170000
2025-10-06,Югла,Юглас 23,2,45,1/5,Лит. пр.,45000
2025-10-06,центр,Бривибас 103,6,192,6/6,Дов. дом,268000
2025-10-06,Агенскалнс,Ранькя Д. 31,2,44,2/4,Рекон.,135000
2025-10-06,Тейка,Кегума 39,4,87,3/4,Нов.,259000
2025-10-06,Межциемс,Хипократа 13,3,74,7/12,104-я,66500
2025-10-06,Межапарк,Эзермалас 27,1,34,12/12,Спец. пр.,60000
2025-10-06,Агенскалнс,Ранькя Д. 34,3,95,6/22,Нов.,207000
2025-10-06,центр,Элияс 26,2,60,2/6,Нов.,150000
2025-10-06,центр,Блауманя 29,2,48,6/6,Дов. дом,62400
2025-10-06,Саркандаугава,Целиниеку 14,1,24,3/3,Дов. дом,17000
2025-10-06,центр,Стабу 91,2,54,3/5,Дов. дом,96500
2025-10-06,р-он,ул. Латгалес Ликснас 20a,1,17,3/3,Дов. дом,10370
2025-10-06,Зиепниеккалнс,Озолциема 14k1,2,60,10/10,Нов.,90000
2025-10-06,Кенгарагс,Лубанас 17,1,28,1/2,Спец. пр.,5780
2025-10-06,Агенскалнс,Кристапа 2,3,60,2/2,Рекон.,170000
2025-10-06,Кенгарагс,Аглонас 28,3,61,3/5,Лит. пр.,69500
2025-10-06,Волери,Волеру 27,1,28,1/2,Спец. пр.,15000
2025-10-06,Пурвциемс,Упеню 17,2,64,3/9,Нов.,132000
2025-10-06,центр,Ластадияс 16,4,115,3/6,Нов.,239000
2025-10-06,Плявниеки,Земес 5,1,41,6/9,М. сем.,42000
2025-10-06,Пурвциемс,Унияс 32,1,14,1/2,Спец. пр.,13500
2025-10-06,Кенгарагс,Латгалес 273,1,30,5/5,Лит. пр.,41000
2025-10-06,Ильгюциемс,Лидоню 28,2,47,11/12,Чеш. пр.,86000
2025-10-06,Плявниеки,Лубанас 17,3,82,4/5,Нов.,119000
2025-10-06,центр,Матиса 63,2,34,4/7,Рекон.,95200
2025-10-06,центр,Матиса 63,2,37,5/7,Рекон.,102600
2025-10-06,центр,Матиса 63,3,49,7/7,Рекон.,139200
2025-10-06,центр,Гертрудес 9,5,168,3/7,Рекон.,309800
2025-10-06,центр,Ханзас 8,1,29,3/5,Рекон.,82000
2025-10-06,Иманта,Талавас Г. 9,2,49,4/5,Лит. пр.,43000
2025-10-06,Агенскалнс,Лапу 12,1,26,2/3,Рекон.,45000
2025-10-06,Даугавгрива,Слимницас 11,2,55,1/5,Спец. пр.,59800
2025-10-06,Плявниеки,Сахарова 5,2,50,4/9,602-я,57000
2025-10-06,Саркандаугава,Хапсалас 1/1,2,42,2/7,Рекон.,64900
2025-10-06,центр,Томсона 30,3,151,8/10,Нов.,225000
2025-10-06,Плявниеки,Каудзишу 2,1,42,2/5,М. сем.,37000
2025-10-06,центр,Валдемара 71,4,106,3/7,Дов. дом,285500
2025-10-06,центр,Матиса 129,-,410,1/2,Дов. дом,420000
2025-10-06,Плявниеки,Салнас 4,2,51,1/9,602-я,64800
2025-10-06,центр,Бривибас 84,2,70,1/5,Дов. дом,108000
2025-10-06,центр,Лабораторияс 5,3,62,1/5,Нов.,144800
2025-10-06,центр,Блауманя 6,3,120,5/5,Дов. дом,250000
2025-10-06,центр,Бривибас 132,3,83,2/3,Дов. дом,120000
2025-10-06,Пурвциемс,Астрас 8 k-1,2,75,18/24,Нов.,165000
2025-10-06,Вецмилгравис,Эммас 28,2,33,4/4,Рекон.,43000
2025-10-06,центр,Пулкв. Бриежа 35,3,124,2/7,Нов.,315000
2025-10-06,центр,Ганибу Д. 40A,1,31,3/3,Дов. дом,18000
2025-10-06,центр,Авоту 66a,2,35,1/5,Дов. дом,67000
2025-10-06,центр,Блауманя 9,3,92,3/6,Рекон.,280000
2025-10-06,Межапарк,Гауяс 63,2,35,3/4,Нов.,83000
2025-10-06,центр,Лачплеша 48,3,81,4/6,Рекон.,194400
2025-10-06,Тейка,Вийциема 8,2,35,3/4,Нов.,83000
2025-10-06,центр,Стабу 68,2,36,1/2,Дов. дом,37890
2025-10-06,Ильгюциемс,Вайделотес 13,3,72,1/5,Спец. пр.,49000
2025-10-06,Агенскалнс,Зеллю 13,3,57,3/4,Рекон.,158760
2025-10-06,Ильгюциемс,Мотору 3,1,23,3/5,М. сем.,25000
2025-10-06,центр,Тербатас 4,3,124,6/6,Рекон.,329000
2025-10-06,Агенскалнс,Вентспилс 13,2,64,2/5,Дов. дом,92000
2025-10-06,Тейка,Вийциема 14,3,63,1/3,Сталинка,59000
2025-10-06,центр,Катринас Д. 27,2,56,5/11,Нов.,112600
2025-10-06,центр,Катринас Д. 27,1,25,5/11,Рекон.,60500
2025-10-06,центр,Калпака бульв. 7,2,56,1/6,Рекон.,220000
2025-10-06,центр,Калпака бульв. 7,2,71,2/6,Рекон.,290000
2025-10-06,Ильгюциемс,Риексту 17,3,69,2/5,Лит. пр.,67000
2025-10-06,Тейка,Раунас 54B,2,49,5/5,Нов.,135900
2025-10-06,Яунциемс,Яунциема Г. 182,1,29,4/5,Хрущ.,23000
2025-10-06,Пурвциемс,Веявас 10,2,52,7/9,602-я,49000
2025-10-06,Плявниеки,Дравниеку 3 K-1,2,48,9/10,Нов.,104130
2025-10-06,центр,Виландес 8,4,145,5/5,Рекон.,303450
2025-10-06,центр,Чака 96,3,95,2/5,Нов.,302000
2025-10-06,Иманта,Анниньмуйжас 38 к 4,2,59,12/16,Нов.,120000
2025-10-06,центр,Чака 72,2,35,4/4,Рекон.,79000
2025-10-06,Иманта,Акацию 2F,3,62,2/9,Нов.,156790
2025-10-06,Агенскалнс,Вилипа 6,2,49,8/9,467-я,60000
2025-10-06,Иманта,Курземес пр. 124,2,49,5/9,602-я,55000
2025-10-06,центр,Дзирнаву 37,5,179,2/7,Нов.,750000
2025-10-06,Плявниеки,Тинужу 6,1,33,4/9,602-я,40000
2025-10-06,центр,Бривибас 146,1,24,1/5,Рекон.,41110
2025-10-06,Кливерсала,Валгума 25,4,105,2/4,Сталинка,219000
2025-10-06,Плявниеки,Ясмуйжас 8,1,33,7/9,467-я,34500
2025-10-06,Зиепниеккалнс,Валдекю 60 k-3,3,63,2/9,602-я,91000
2025-10-06,Кенгарагс,Латгалес 153,1,30,2/2,Дов. дом,20000
2025-10-06,центр,Озолу 7,2,40,4/5,Спец. пр.,36000
2025-10-06,Пурвциемс,Вайдавас 15 k-1,3,110,2/7,Нов.,250000
2025-10-06,Шампетерис-Плескодале,Лиелирбес 13,2,68,8/30,Нов.,140000
2025-10-06,Зиепниеккалнс,Тумес 25,3,62,6/6,Нов.,153000
2025-10-06,Зиепниеккалнс,Тумес 25,3,62,6/6,Нов.,152000
2025-10-06,Зиепниеккалнс,Тумес 25,3,69,6/6,Нов.,164000
2025-10-06,Иманта,Думбрая 29,3,72,12/13,Нов.,211000
2025-10-06,Плявниеки,Дравниеку 3,4,86,2/10,Нов.,172000
2025-10-06,Агенскалнс,Лапу 29,2,53,3/3,Дов. дом,85000
2025-10-06,Болдерая,Адмиралю 1,2,37,1/1,Ч. дом,49950
2025-10-06,Тейка,Бривибас 201,4,82,2/5,Нов.,145900
2025-10-06,Пурвциемс,Индуля 16,1,64,2/2,Ч. дом,58000
2025-10-06,центр,Дунтес 28,3,131,9/16,Нов.,211000
2025-10-06,Межапарк,Кишезера 10,4,78,4/9,Нов.,234900
2025-10-06,Межапарк,Кишезера 10,3,63,5/9,Нов.,190900
2025-10-06,Агенскалнс,О. Вациеша 8,2,53,2/3,Нов.,147100
2025-10-06,Агенскалнс,О. Вациеша 8,3,63,3/3,Нов.,180600
2025-10-06,Межапарк,Кишезера 10,2,44,2/9,Нов.,124900
2025-10-06,Вецмилгравис,Вецмилгравья 1 л. 28,2,50,4/5,Лит. пр.,40000
2025-10-06,Пурвциемс,Ницгалес 4,2,48,5/9,602-я,54000
2025-10-06,центр,Блауманя 3,4,137,3/6,Рекон.,339000
2025-10-06,Межапарк,Эзермалас 13,3,130,3/5,Нов.,254800
2025-10-06,Пурвциемс,Пуцес 45,2,87,4/10,Нов.,175000
2025-10-06,Югла,Мурьяню 46,2,46,5/5,Лит. пр.,57000
2025-10-06,Иманта,Талавас Г. 5,3,67,4/5,Лит. пр.,80000
2025-10-06,центр,Виландес 8,4,145,5/5,Рекон.,303450
2025-10-06,Дзегужкалнс,Даугавгривас 70 k-2,1,26,2/5,Хрущ.,33800
2025-10-06,Зиепниеккалнс,Кометас 28,2,66,1/4,Нов.,160000
2025-10-06,Вецрига,Грециниеку 11,2,49,4/6,Сталинка,129000
2025-10-06,Чиекуркалнс,Чиекуркална 7 п. л. 7A,2,28,4/4,Рекон.,63300
2025-10-06,Иманта,Клеисту 11/1,3,70,2/12,Нов.,139900
2025-10-06,центр,Дзирнаву 53,4,116,4/6,Дов. дом,335850
2025-10-06,Вецрига,Бискапа Гате 6,2,50,3/3,Дов. дом,85000
2025-10-06,центр,Гертрудес 106,1,30,3/5,Дов. дом,56850
2025-10-06,Межциемс,Друвиенас 21,3,61,2/5,Лит. пр.,65000
2025-10-06,Кенгарагс,Латгалес 275,1,34,11/12,Чеш. пр.,48000
2025-10-06,Чиекуркалнс,Чиекуркална 8 п. л. 1C,2,52,5/5,103-я,68000
2025-10-06,Золитуде,Грамздас 80-1,3,78,1/4,Нов.,135000
2025-10-06,Пурвциемс,Звайгзная Г. 12,3,56,5/5,Лит. пр.,59500
2025-10-06,Брекши,Югласциема б. 60,2,46,1/2,Нов.,94800
2025-10-06,центр,Лачплеша 121,2,42,3/5,Рекон.,75000
2025-10-06,Даугавгрива,Парадес 7,2,46,5/5,103-я,33900
2025-10-06,Тейка,Бикерниеку 28,2,65,2/5,103-я,75000
2025-10-06,Плявниеки,Зебиекстес 3,2,61,2/9,119-я,60000
2025-10-06,Плявниеки,Сахарова 20,1,46,5/16,104-я,60000
2025-10-06,Югла,Бривибас 363,3,55,2/5,Хрущ.,56500
2025-10-06,центр,Дунтес 28,6,262,15/15,Нов.,288000
2025-10-06,р-он,ул. Латгалес Виляну 3,3,75,2/5,Спец. пр.,99500
2025-10-06,центр,Дзирнаву 61,3,77,4/6,Рекон.,300000
2025-10-06,Вецмилгравис,Сармас 7,2,50,5/9,602-я,42000
2025-10-06,Иманта,Слокас 142,2,49,4/5,Лит. пр.,44200
2025-10-06,центр,Гертрудес 113,2,40,2/6,Дов. дом,55000
2025-10-06,Зиепниеккалнс,М. Стерсту 6,4,71,1/4,Нов.,165900
2025-10-06,Зиепниеккалнс,Баускас 97,4,98,3/5,Нов.,226900
2025-10-06,Шампетерис-Плескодале,Лиелирбес 11,4,124,19/30,Нов.,235000
2025-10-06,центр,Аусекля 3,3,129,1/5,Дов. дом,269000
2025-10-06,Межапарк,Эзермалас 4a,1,28,4/5,Рекон.,38800
2025-10-06,Зиепниеккалнс,М. Стерсту 8,2,48,2/5,Нов.,119900
2025-10-06,Зиепниеккалнс,М. Стерсту 6,3,64,3/5,Нов.,161900
2025-10-06,Кенгарагс,Прушу 3/5,4,61,5/5,Лит. пр.,56000
2025-10-06,центр,Элизабетес 22,4,93,5/6,Рекон.,265000
2025-10-06,центр,Дзирнаву 6,3,88,4/4,Рекон.,245000
2025-10-06,Кенгарагс,Малтас 24,2,50,3/5,Лит. пр.,59900
2025-10-06,Пурвциемс,Ницгалес 46,2,52,2/9,602-я,67000
2025-10-06,Ильгюциемс,Риексту 23,3,62,3/5,Лит. пр.,53000
2025-10-06,Агенскалнс,Ранькя Д. 34,5,184,14/22,Нов.,557000
2025-10-06,центр,Стрелниеку 5,3,139,5/7,Нов.,583000
2025-10-06,центр,Блауманя 5,5,144,6/6,Дов. дом,398800
2025-10-06,Торнякалнс,Цепля 14,2,38,2/3,Дов. дом,13890
2025-10-06,Дзегужкалнс,Вильняс 3,3,80,2/2,Дов. дом,25890
2025-10-06,Саркандаугава,Приежу 6,1,23,3/3,Дов. дом,22000
2025-10-06,центр,Томсона 39/1,3,96,5/9,Нов.,250000
2025-10-06,Кенгарагс,Латгалес 109,3,48,3/5,Рекон.,64395
2025-10-06,Пурвциемс,Илукстес 109,1,35,9/9,602-я,37500
2025-10-06,Зиепниеккалнс,Баускас 57,3,69,3/5,Нов.,140000
2025-10-06,Агенскалнс,Кристапа 2,4,89,1/2,Рекон.,235000
2025-10-06,Югла,Вангажу 19,2,41,2/5,Хрущ.,38000
2025-10-06,центр,Меркеля 2,2,57,2/5,Рекон.,204480
2025-10-06,Плявниеки,Улброкас 7,2,60,12/12,104-я,65500
2025-10-06,Торнякалнс,Баускас 57,3,68,1/5,Нов.,137000
2025-10-06,центр,Гростонас 21,3,84,4/10,Нов.,270000
2025-10-06,центр,Садовникова 2,1,39,3/5,Сталинка,43000
2025-10-06,Югла,Бривибас 446,4,341,4/4,Нов.,345000
2025-10-06,Межциемс,Хипократа 9,5,90,1/9,602-я,79999
2025-10-06,Пурвциемс,Браслас 53,3,92,3/5,Нов.,165000
2025-10-06,центр,Клияну 22,1,28,2/8,Рекон.,18200
2025-10-06,Кенгарагс,Латгалес 381,2,51,1/3,Сталинка,69000
2025-10-06,Агенскалнс,Ранькя Д. 31,2,50,3/4,Рекон.,76626
2025-10-06,центр,Матиса 68,2,44,4/4,Дов. дом,74900
2025-10-06,Агенскалнс,Ранькя Д. 31,2,65,2/4,Дов. дом,111834
2025-10-06,Агенскалнс,Калнциема 1a,2,54,1/3,Дов. дом,55000
2025-10-06,Иманта,Имантас 2,3,54,1/5,Лит. пр.,48999
2025-10-06,Вецмилгравис,Вецмилгравья 17 k-3,1,31,1/4,Хрущ.,27000
2025-10-06,центр,Пулкв. Бриежа 15,2,42,3/7,Рекон.,111300
2025-10-06,центр,Пулкв. Бриежа 15,3,92,7/7,Рекон.,286440
2025-10-06,Даугавгрива,Парадес 2/1,2,46,3/5,103-я,30000
2025-10-06,Агенскалнс,Лиепаяс 2,3,97,4/6,Нов.,264000
2025-10-06,центр,Антонияс 20,3,133,7/7,Нов.,130000
2025-10-06,Пурвциемс,Мадонас 2,3,66,3/5,Нов.,128000
2025-10-06,Югла,Мурьяню 155,2,50,2/4,Нов.,123000
2025-10-06,Югла,Мурьяню 151,4,102,2/4,Нов.,259000
2025-10-06,Югла,Мурьяню 153,3,81,4/4,Нов.,210000
2025-10-06,Межциемс,Межциема 6,2,49,5/5,Лит. пр.,62500
2025-10-06,Даугавгрива,Парадес 24,2,42,4/5,Хрущ.,35000
2025-10-06,Аплокциемс,Бриежу 9,1,27,4/6,Нов.,60500
2025-10-06,Чиекуркалнс,Гауяс 32,3,58,5/5,Хрущ.,50000
2025-10-06,Вецрига,Грециниеку 11,2,52,3/5,Дов. дом,154000
2025-10-06,центр,Сканстес 29,2,67,17/24,Нов.,161000
2025-10-06,центр,Красотаю 6A,3,91,1/2,Дов. дом,75000
2025-10-06,центр,Заубес 2,3,76,2/5,Дов. дом,190000
2025-10-06,центр,Миленбаха 1,3,72,3/6,Рекон.,182000
2025-10-06,Тейка,Цаунес 10k1,3,83,8/9,Спец. пр.,86500
2025-10-06,Тейка,Бривибас 201,3,76,4/5,Нов.,162900
2025-10-06,Пурвциемс,Калснавас 2c,2,49,10/12,104-я,68950
2025-10-06,Тейка,Бривибас 201,1,37,2/5,Нов.,70900
2025-10-06,Агенскалнс,Веца Юрмалас г. 1,1,33,8/12,Чеш. пр.,30000
2025-10-06,центр,Сермулиню 14,3,55,4/4,Нов.,186000
2025-10-06,Тейка,Бривибас 217,3,60,1/2,Рекон.,108000
2025-10-06,центр,Элизабетес 67,3,62,6/6,Дов. дом,180000
2025-10-06,центр,Лачплеша 61,5,106,5/5,Рекон.,162500
2025-10-06,центр,Бривибас 99,4,100,5/6,Рекон.,124500
2025-10-06,Саркандаугава,Алекша 4,2,31,2/2,Дов. дом,12900
2025-10-06,центр,Элизабетес 67,2,46,6/6,Дов. дом,85000
2025-10-06,центр,Стабу 16,3,77,1/6,Рекон.,119950
2025-10-06,центр,Стабу 16,2,56,4/6,Рекон.,145500
2025-10-06,центр,Лачплеша 35,4,91,4/5,Рекон.,153000
2025-10-06,Шампетерис-Плескодале,Залвес 40,2,43,2/3,Хрущ.,72000
2025-10-06,Межциемс,Эйзенштейна 43,2,50,2/9,602-я,55000
2025-10-06,центр,Риепниеку 2,1,33,5/5,Сталинка,21000
2025-10-06,Зиепниеккалнс,Виенибас Г. 186a,2,65,3/6,Нов.,146000
2025-10-06,Саркандаугава,Виестура пр. 7,2,46,3/3,Хрущ.,49500
2025-10-06,Межапарк,Виестура пр. 7,2,46,3/3,Хрущ.,49500
2025-10-06,центр,Алаукста 7,1,37,1/2,Рекон.,90000
2025-10-06,Гризинькалнс,Алаукста 7,3,82,1/2,Рекон.,230000
2025-10-06,центр,Бруниниеку 93c,1,30,1/2,Рекон.,76000
2025-10-06,центр,Стабу 104,3,60,2/5,Лит. пр.,73900
2025-10-06,Плявниеки,Праулиенас 12,1,32,5/9,467-я,48000
2025-10-06,Зиепниеккалнс,Дигнаяс 3b,2,53,1/6,Нов.,95000
2025-10-06,Дрейлини,Каивас 48a,3,59,1/6,Нов.,158600
2025-10-06,Дрейлини,Каивас 48a,2,44,4/6,Нов.,116300
2025-10-06,Дрейлини,Каивас 48a,3,60,2/6,Нов.,147400
2025-10-06,Дрейлини,Каивас 48a,4,86,2/6,Нов.,203700
2025-10-06,Межциемс,Кайвас 48a,3,59,1/6,Нов.,158600
2025-10-06,Биерини,Лиепаяс 37c,4,84,2/4,Нов.,224800
2025-10-06,Биерини,Лиепаяс 37c,2,65,2/4,Нов.,174000
2025-10-06,Биерини,Лиепаяс 37c,2,43,3/4,Нов.,123000
2025-10-06,Агенскалнс,Зелмайшу 15,4,88,2/5,Нов.,233300
2025-10-06,Агенскалнс,Зелмайшу 15,3,64,5/6,Нов.,187100
2025-10-06,Иманта,Думбрая 29 k-2,3,78,13/13,Нов.,216000
2025-10-06,Агенскалнс,Зелмайшу 15,4,78,3/6,Нов.,205700
2025-10-06,Пурвциемс,Дзелзавас 104,2,44,8/8,Нов.,113100
2025-10-06,Пурвциемс,Дзелзавас 104,3,57,7/8,Нов.,147900
2025-10-06,Пурвциемс,Бранткална 3,3,75,1/9,119-я,80000
2025-10-06,Пурвциемс,Дзелзавас 104,3,60,7/8,Нов.,158500
2025-10-06,Пурвциемс,Дзелзавас 104,3,54,6/8,Нов.,139600
2025-10-06,Плявниеки,Лубанас 41,3,93,1/2,Сталинка,98700
2025-10-06,р-он,ул. Латгалес Ломоносова 2,1,39,2/5,Сталинка,43000
2025-10-06,р-он,ул. Латгалес Краславас 34,2,26,4/4,Дов. дом,52500
2025-10-06,центр,Бривибас 95,2,52,7/7,Рекон.,146200
2025-10-06,Межциемс,Малиенас 3,2,50,5/5,103-я,67000
2025-10-06,р-он,ул. Латгалес Калупес 12,2,39,3/3,Дов. дом,41000
2025-10-06,центр,Валмиерас 28,2,59,5/5,Нов.,98000
2025-10-06,центр,Марияс 14,1,17,5/6,Дов. дом,61888
2025-10-06,Ильгюциемс,Риексту 12,2,48,4/5,Лит. пр.,60000
2025-10-06,центр,Клуса 20,1,37,2/9,Рекон.,48000
2025-10-06,центр,Сканстес 12,5,105,2/12,Нов.,319400
2025-10-06,центр,Сканстес 12,4,99,3/12,Нов.,280100
2025-10-06,центр,Сканстес 12,2,53,2/12,Нов.,160400
2025-10-06,Золитуде,Скринес 8,4,93,2/3,Нов.,220400
2025-10-06,Золитуде,Скринес 8,3,75,3/3,Нов.,184500
2025-10-06,Межциемс,Хипократа 18,2,44,5/6,Нов.,115000
2025-10-06,Межциемс,Хипократа 18,2,53,6/6,Нов.,129200
2025-10-06,Пурвциемс,Ницгалес 23,3,62,4/5,Лит. пр.,80000
2025-10-06,Торнякалнс,Мукусалас 56,1,26,3/3,Рекон.,66400
2025-10-06,Вецмилгравис,Эммас 11,3,56,3/5,Лит. пр.,74000
2025-10-06,Дрейлини,Каивас 48A,2,47,5/6,Нов.,117300
2025-10-06,Тейка,Вийциема 16,6,120,4/4,Сталинка,155000
2025-10-06,Плявниеки,Деглава 164,4,77,3/9,602-я,73000
2025-10-06,Вецмилгравис,Стиебру 3,1,43,3/5,М. сем.,28000
2025-10-06,Югла,Маркалнес 5,2,31,1/5,Хрущ.,33900
2025-10-06,центр,Вагону 31,2,56,3/3,Спец. пр.,62800
2025-10-06,центр,Латгалес 84,2,48,4/6,Дов. дом,35000
2025-10-06,Шампетерис-Плескодале,Калнциема 147,2,41,2/2,Дов. дом,72500
2025-10-06,Межциемс,Кайвас 48A,3,61,5/6,Нов.,157000
2025-10-06,Биерини,Лиепаяс 37c,3,65,2/4,Нов.,167800
2025-10-06,Саркандаугава,Аптиекас 6,2,45,2/5,Сталинка,57000
2025-10-06,Биерини,Лиепаяс 37c,4,84,2/4,Нов.,224800
2025-10-06,центр,Госпиталю 8,4,98,2/6,Спец. пр.,220000
2025-10-06,Агенскалнс,Кристапа 2,4,89,1/2,Рекон.,235000
2025-10-06,центр,Гертрудес 91,3,82,2/6,Дов. дом,116000
2025-10-06,Югла,Вангажу 22,2,40,2/5,Рекон.,92000
2025-10-06,Яунмилгравис,Эзера 29,1,25,2/2,Дов. дом,8500
2025-10-06,Ильгюциемс,Балта 12,1,30,2/2,Дов. дом,13500
2025-10-06,Дзегужкалнс,Тапешу 44,3,61,2/5,Лит. пр.,60000
2025-10-06,Иманта,Слокас 130A,2,62,1/7,Нов.,127000
2025-10-06,центр,Таллинас 35,2,55,5/5,Дов. дом,101000
2025-10-06,центр,Катринас Д. 20 k-2,2,42,2/5,Хрущ.,47000
2025-10-06,центр,Калпака бульв. 7,3,155,5/5,Рекон.,595000
2025-10-06,центр,Калпака бульв. 7,2,82,3/6,Рекон.,280000
2025-10-06,центр,Калпака бульв. 7,1,39,1/6,Рекон.,155000
2025-10-06,центр,Калпака бульв. 7,2,39,6/1,Рекон.,155000
2025-10-06,центр,Калпака бульв. 7,3,83,5/5,Рекон.,380000
2025-10-06,центр,Катринас Д. 27,3,150,1/11,Рекон.,197820
2025-10-06,центр,Барона 69,3,37,3/3,Рекон.,142900
2025-10-06,центр,Сколас 17,4,89,3/7,Нов.,312725
2025-10-06,центр,Деглава 4k2,3,58,1/3,Хрущ.,75500
2025-10-06,центр,Сколас 17,3,61,2/7,Нов.,199750
2025-10-06,Агенскалнс,Ранькя Д. 31,2,51,3/4,Рекон.,104550
2025-10-06,Агенскалнс,Кугю 13,2,40,5/6,Рекон.,162000
2025-10-06,Кливерсала,Кугю 13,4,82,3/6,Рекон.,273000
2025-10-06,Агенскалнс,Кугю 13,3,89,6/6,Нов.,289900
2025-10-06,Саркандаугава,Приежу 6,2,30,2/3,Дов. дом,27990
2025-10-06,Плявниеки,Дравниеку 9,1,35,2/9,602-я,34900
2025-10-06,р-н,ул.Краста Балву 3,1,33,4/4,Дов. дом,32000
2025-10-06,центр,Дзирнаву 53,3,119,5/6,Рекон.,467650
2025-10-06,центр,Иерочу 6,2,33,1/2,Дов. дом,36300
2025-10-06,Кенгарагс,Прушу 3 k-2,2,40,5/5,Лит. пр.,64000
2025-10-06,Югла,Мурьяню 151,3,82,3/4,Нов.,185000
2025-10-06,Югла,Страздмуйжас 14,2,49,2/4,Нов.,119000
2025-10-06,центр,Стабу 105,2,41,5/6,Дов. дом,77500
2025-10-06,Югла,Страздмуйжас 14,2,44,3/4,Нов.,99000
2025-10-06,Югла,Страздмуйжас 14,2,50,2/4,Нов.,114000
2025-10-06,Югла,Страздмуйжас 8,3,83,2/4,Нов.,195000
2025-10-06,Югла,Мурьяню 151,3,66,1/4,Нов.,163000
2025-10-06,Югла,Мурьяню 151,2,44,2/4,Нов.,100000
2025-10-06,Зиепниеккалнс,Дигнаяс 4,3,73,3/3,Нов.,165000
2025-10-06,Вецмилгравис,Ринужу 22,2,55,4/5,103-я,45000
2025-10-06,Кливерсала,Кугю 26,1,86,1/5,Рекон.,370000
2025-10-06,Зиепниеккалнс,Стерсту 15,4,88,3/3,Нов.,199000
2025-10-06,Межапарк,Хамбургас 16,4,113,2/3,Дов. дом,186450
2025-10-06,Тейка,Лиелвардес 40,1,50,1/1,Спец. пр.,94500
2025-10-06,Шампетерис-Плескодале,Апузес 13,3,86,1/3,Нов.,230000
2025-10-06,Вецрига,Смилшу 14,4,102,3/5,Дов. дом,255000
2025-10-06,Межапарк,Инчукална 2,4,96,2/4,Рекон.,198000
2025-10-06,Иманта,Акацию 2F,3,60,3/9,Нов.,152780
2025-10-06,Ильгюциемс,Спилвес 33,3,66,1/5,Лит. пр.,71000
2025-10-06,Зиепниеккалнс,Баускас 49,3,62,5/5,Лит. пр.,74123
2025-10-06,Тейка,Бривибас 234,2,48,1/5,Сталинка,69000
2025-10-06,Шампетерис-Плескодале,Калнциема 106,2,57,1/5,Спец. пр.,60000
2025-10-06,Плявниеки,Рембатес 10,4,95,7/10,Нов.,212800
2025-10-06,Плявниеки,Рембатес 10,3,77,4/10,Нов.,161400
2025-10-06,центр,Чака 40,2,36,2/4,Дов. дом,42500
2025-10-06,Ильгюциемс,Дагмарас 9A,2,47,2/5,Спец. пр.,44990
2025-10-06,Торнякалнс,Светес 1,3,94,2/4,Нов.,189000
2025-10-06,Ильгюциемс,Риексту 9,1,39,4/5,М. сем.,31000
2025-10-06,Мангали,Ледургас 24,3,61,7/9,467-я,105000
2025-10-06,центр,Деглава 7,2,70,6/6,Нов.,155000
2025-10-06,Болдерая,Финиера 9,2,54,5/5,103-я,50000
2025-10-06,центр,Патверсмес 30,4,110,3/4,Рекон.,190000
2025-10-06,Тейка,Стамериенас 2,2,42,3/3,Хрущ.,62000
2025-10-06,центр,Марияс 14,2,36,2/5,Дов. дом,110050
2025-10-06,Зиепниеккалнс,Путну 20,2,48,1/3,Хрущ.,49000
2025-10-06,Агенскалнс,Лапу 12,2,48,2/3,Рекон.,80100
2025-10-06,центр,Рупниецибас 34a,4,146,3/6,Нов.,330000
2025-10-06,Агенскалнс,Лапу 12,1,36,3/3,Рекон.,52000
2025-10-06,центр,Садовникова 29A,3,65,5/6,Рекон.,160000
2025-10-06,центр,Матиса 31,1,23,2/4,Дов. дом,53500
2025-10-06,Зиепниеккалнс,Баускас 158,1,26,1/2,103-я,24700
2025-10-06,центр,Марияс 1,6,125,4/6,Дов. дом,180000
2025-10-06,Плявниеки,Дравниеку 3,3,68,8/10,Нов.,146285
2025-10-06,Югла,М. Юглас 3a,6,123,1/3,Нов.,144900
2025-10-06,Межциемс,Эйзенштейна 23,2,73,3/4,Нов.,150000
2025-10-06,центр,Стабу 84,4,95,3/4,Дов. дом,100000
2025-10-06,Саркандаугава,Хапсалас 15,4,106,3/7,Спец. пр.,122500
2025-10-06,Болдерая,Стагару 4,2,51,5/5,Спец. пр.,29000
2025-10-06,Тейка,Бривибас 201,1,39,3/5,Нов.,81900
2025-10-06,центр,Марияс 14A,2,31,6/6,Рекон.,96720
2025-10-06,Агенскалнс,Бариню 1,1,26,3/4,Хрущ.,42000
2025-10-06,Пурвциемс,Ницгалес 53B,2,46,3/5,103-я,72000
2025-10-06,Агенскалнс,Триядибас 4A,2,42,4/5,Хрущ.,69000
2025-10-06,центр,Катринас Д. 20/2,2,41,4/5,Хрущ.,49980
2025-10-06,Плявниеки,Купричу 1B,3,72,3/6,Нов.,184500
2025-10-06,Агенскалнс,М. Нометню 24,2,45,4/5,Нов.,128170
2025-10-06,Агенскалнс,М. Нометню 24,1,28,2/5,Рекон.,78090
2025-10-06,Агенскалнс,М. Нометню 24,2,47,4/5,Рекон.,131956
2025-10-06,Агенскалнс,М. Нометню 24,1,29,1/5,Рекон.,81870
2025-10-06,Яунциемс,Яунциема Г. 182,2,41,3/5,Хрущ.,36000
2025-10-06,Иманта,Зентенес 10,2,50,4/5,Лит. пр.,52000
2025-10-06,центр,Лачплеша 110,3,50,6/6,Нов.,127000
2025-10-06,центр,Звайгжню 2,2,52,3/5,Дов. дом,105200
