Date,District,Street,Rooms,m2,Floor,Serie,Price
2025-03-03,центр,Катринас Д. 24k3,3,66,1/2,Спец. пр.,82890
2025-03-03,Тейка,Бривибас 201,1,32,1/6,Нов.,61900
2025-03-03,Тейка,Бривибас 201,3,84,2/5,Нов.,164500
2025-03-03,Тейка,Бривибас 201,3,76,2/5,Нов.,149500
2025-03-03,Тейка,Бривибас 201,2,38,2/5,Нов.,76500
2025-03-03,центр,Аугшиела 8,2,29,4/6,Рекон.,49950
2025-03-03,центр,Аугшиела 8,3,58,2/6,Рекон.,98900
2025-03-03,центр,Звайгжню 26,1,46,1/6,Спец. пр.,55000
2025-03-03,Чиекуркалнс,Трикатас 16,3,84,1/2,Спец. пр.,78000
2025-03-03,центр,Бруниниеку 89,1,30,2/4,Рекон.,45000
2025-03-03,Пурвциемс,Дзелзавас 67,2,49,4/9,467-я,48000
2025-03-03,центр,Клияну 16,2,54,3/10,Нов.,115000
2025-03-03,Пурвциемс,Кастранес 2a,2,43,3/3,Рекон.,58000
2025-03-03,Зиепниеккалнс,Озолциема 12,3,77,1/10,119-я,87000
2025-03-03,Вецрига,Смилшу 14,4,102,3/5,Дов. дом,255000
2025-03-03,Межапарк,Эзермалас 4,2,34,1/5,Рекон.,46230
2025-03-03,Плявниеки,Деглава 108,3,74,3/7,119-я,90000
2025-03-03,Иманта,Клеисту 6,3,67,5/5,Лит. пр.,45500
2025-03-03,Кенгарагс,Латгалес 323,2,50,4/5,Лит. пр.,36000
2025-03-03,Кенгарагс,Латгалес 313,1,33,5/12,М. сем.,33000
2025-03-03,Иманта,М. Круму 18,3,60,6/9,602-я,50000
2025-03-03,Агенскалнс,Калнциема 22,2,52,2/2,Рекон.,98000
2025-03-03,Кипсала,Гипиша 2,2,49,2/2,Дов. дом,98000
2025-03-03,Агенскалнс,Тапешу 21,6,276,2/2,Дов. дом,210000
2025-03-03,центр,Райня бульв. 3,2,76,5/6,Рекон.,152000
2025-03-03,центр,Стабу 55,1,21,1/5,Дов. дом,15700
2025-03-03,центр,Таллинас 92,2,58,5/6,Дов. дом,92000
2025-03-03,Саркандаугава,Слиежу 33,2,46,1/5,Хрущ.,30000
2025-03-03,Агенскалнс,Веца Юрмалас г. 7,3,63,1/12,Чеш. пр.,79000
2025-03-03,Югла,Бривибас 386,3,63,3/5,Нов.,135500
2025-03-03,Пурвциемс,Дудаева Г. 10,2,39,5/5,Лит. пр.,44000
2025-03-03,Плявниеки,Салнас 21,2,45,6/9,Нов.,75000
2025-03-03,Межапарк,Виестура пр. 79,2,64,1/2,Сталинка,72000
2025-03-03,Пурвциемс,Лиелвардес 123,2,49,5/5,Рекон.,68250
2025-03-03,Золитуде,Лейиня 5,3,81,3/9,119-я,80000
2025-03-03,Ильгюциемс,Балта 22/1,3,64,3/5,103-я,85000
2025-03-03,Межапарк,Эзермалас 2A,1,35,9/12,Чеш. пр.,42800
2025-03-03,центр,Райня бульв. 3,2,76,5/6,Рекон.,152000
2025-03-03,Чиекуркалнс,Чиекуркална 6 п. л. 16,2,58,1/4,Нов.,91800
2025-03-03,Плявниеки,Илукстес 27,1,43,3/5,Спец. пр.,30000
2025-03-03,Пурвциемс,Ницгалес 25,2,56,2/5,Спец. пр.,65000
2025-03-03,центр,Томсона 39/1,3,101,4/9,Нов.,215000
2025-03-03,Иманта,Думбрая 29,3,76,1/7,Нов.,219000
2025-03-03,Ильгюциемс,Креслера 5,1,30,3/4,Хрущ.,25000
2025-03-03,Даугавгрива,Лепью 9,2,49,1/1,Спец. пр.,50000
2025-03-03,Вецмилгравис,Эммас 11,3,68,1/5,Лит. пр.,57800
2025-03-03,Шампетерис-Плескодале,Залвес 47,3,132,4/5,Нов.,325000
2025-03-03,Межапарк,Кишезера 10,4,80,6/9,Нов.,240900
2025-03-03,центр,Дзирнаву 51,2,58,3/6,Дов. дом,115000
2025-03-03,Межапарк,Кишезера 10,3,58,2/9,Нов.,170900
2025-03-03,Межапарк,Кишезера 10,2,48,2/9,Нов.,135900
2025-03-03,Межапарк,Кемпес 2A,3,80,12/12,Нов.,279900
2025-03-03,Межапарк,Кемпес 2,2,36,6/12,Нов.,99900
2025-03-03,Межапарк,Кемпес 2,2,47,3/12,Нов.,137900
2025-03-03,Агенскалнс,Ранькя Д. 34,5,259,21/23,Нов.,762000
2025-03-03,Межапарк,Кемпес 2,4,80,2/12,Нов.,212900
2025-03-03,центр,Лабораторияс 3,2,48,5/5,Рекон.,116000
2025-03-03,центр,Гертрудес 91a,1,18,1/5,Дов. дом,16000
2025-03-03,Агенскалнс,Ранькя Д. 34,3,115,15/23,Нов.,344000
2025-03-03,Агенскалнс,Ранькя Д. 34,3,96,10/22,Нов.,232000
2025-03-03,центр,Валдемара 57/59,-,331,6/6,Дов. дом,346750
2025-03-03,Вецаки,Вецакю пр. 191,2,95,4/4,Нов.,239900
2025-03-03,Даугавгрива,Слимницас 18,2,41,1/1,Спец. пр.,25000
2025-03-03,Вецмилгравис,Вецмилгравья 8,2,49,3/5,Спец. пр.,41700
2025-03-03,Иманта,Имантас 3B,3,54,1/5,Лит. пр.,65500
2025-03-03,Дзегужкалнс,Тапешу 53,2,38,2/5,Лит. пр.,31000
2025-03-03,Агенскалнс,Ранькя Д. 34,4,133,14/22,Нов.,352000
2025-03-03,центр,Гертрудес 47,3,67,2/4,Рекон.,138000
2025-03-03,центр,Валдемара 123,2,56,3/6,Дов. дом,109200
2025-03-03,центр,Лачу 9,3,46,2/6,Дов. дом,86900
2025-03-03,центр,Тербатас 59/61,3,67,6/6,Дов. дом,225000
2025-03-03,Пурвциемс,Упеню 4,5,205,4/4,Спец. пр.,390000
2025-03-03,центр,Валдемара 37a,4,145,4/6,Дов. дом,270000
2025-03-03,центр,Бирзниека-Упиша 13,3,78,2/7,Спец. пр.,235000
2025-03-03,центр,Бруниниеку 12,3,65,6/6,Дов. дом,165000
2025-03-03,Югла,Мурьяню 6,2,76,1/3,Нов.,146000
2025-03-03,центр,Лабораторияс 3,3,60,3/5,Рекон.,152500
2025-03-03,Иманта,Акацию 2F,2,51,2/9,Нов.,137500
2025-03-03,Иманта,Акацию 2F,2,44,1/9,Нов.,101210
2025-03-03,центр,Бруниниеку 93,1,30,1/2,Рекон.,79000
2025-03-03,центр,Пушкина 1,3,74,2/6,Рекон.,88200
2025-03-03,центр,Пушкина 1,3,58,2/6,Рекон.,66932
2025-03-03,Иманта,Клеисту 11 k-1,3,77,12/16,Нов.,185000
2025-03-03,Межапарк,Инчукална 4,2,68,4/4,Рекон.,164000
2025-03-03,Саркандаугава,Твайка 54/2,3,55,4/5,Хрущ.,69800
2025-03-03,Вецмилгравис,Калнгалес 9,2,50,8/9,602-я,55000
2025-03-03,центр,Дзирнаву 53,3,120,3/6,Дов. дом,385000
2025-03-03,Пурвциемс,Дзелзавас 74C,4,77,3/13,Нов.,185900
2025-03-03,центр,Бривибас 142,4,94,3/6,Дов. дом,120000
2025-03-03,Ильгюциемс,Скодас 4,2,38,2/5,Лит. пр.,34000
2025-03-03,Пурвциемс,Дзелзавас 74C,3,66,2/13,Нов.,157300
2025-03-03,р-н,ул.Краста Латгалес 224,2,46,2/9,467-я,50000
2025-03-03,Плявниеки,Илукстес 36,4,90,4/9,119-я,105000
2025-03-03,центр,Бривибас 142,2,51,4/7,Дов. дом,106000
2025-03-03,Зиепниеккалнс,Ливциема 57,1,35,8/9,602-я,47000
2025-03-03,Агенскалнс,Кристапа 8B,1,12,1/4,Хрущ.,16500
2025-03-03,Саркандаугава,Саркандаугавас 26 k-9,2,39,4/5,Хрущ.,29000
2025-03-03,центр,Дзирнаву 55,5,135,2/4,Дов. дом,290000
2025-03-03,центр,Экспорта 8/2,1,40,1/2,Дов. дом,89500
2025-03-03,Межапарк,Виестура пр. 33/1,2,46,2/9,Спец. пр.,42990
2025-03-03,центр,Чака 104,2,47,2/5,Дов. дом,67000
2025-03-03,центр,Гертрудес 23,3,81,2/7,Рекон.,220000
2025-03-03,центр,Лабораторияс 3,2,48,3/5,Рекон.,122200
2025-03-03,центр,Блауманя 8,6,340,3/6,Дов. дом,350000
2025-03-03,Плявниеки,Улброкас 10,1,39,2/5,М. сем.,37000
2025-03-03,центр,Лабораторияс 3,2,46,3/5,Рекон.,96000
2025-03-03,центр,Чака 46A,2,30,2/3,Дов. дом,69000
2025-03-03,Иманта,Думбрая 29 k-2,3,78,13/13,Нов.,216000
2025-03-03,Кенгарагс,Крустпилс 46,2,47,2/2,Хрущ.,21000
2025-03-03,Шкиротава,Крустпилс 46,2,47,2/2,Хрущ.,21000
2025-03-03,Золитуде,Русес 11,3,75,2/9,119-я,77700
2025-03-03,Агенскалнс,Ранькя Д. 34,5,184,14/22,Нов.,557000
2025-03-03,Тейка,Кегума 39,4,87,3/4,Нов.,273000
2025-03-03,Зиепниеккалнс,Озолциема 12/3,3,74,6/11,119-я,78000
2025-03-03,Иманта,Курземес пр. 112,3,60,3/5,Лит. пр.,69000
2025-03-03,центр,Дунтес 24,1,21,2/2,Спец. пр.,16960
2025-03-03,центр,Латгалес 108,2,52,6/6,Дов. дом,51750
2025-03-03,Иманта,Думбрая 18,2,53,3/4,Нов.,121000
2025-03-03,центр,Матиса 101,1,28,5/5,Дов. дом,62500
2025-03-03,Пурвциемс,Астрас 8 k-1,2,73,1/25,Нов.,129000
2025-03-03,центр,Валдемара 57/59,3,90,2/6,Дов. дом,127700
2025-03-03,центр,Звайгжню 31,1,28,2/3,Дов. дом,9950
2025-03-03,Зиепниеккалнс,Ислицес 14,1,35,9/12,Спец. пр.,37500
2025-03-03,центр,Сколас 34,3,93,1/7,Спец. пр.,185000
2025-03-03,Иманта,Анниньмуйжас 38/2,3,82,3/18,Нов.,160000
2025-03-03,Чиекуркалнс,Чиекуркална 2 л. 51A,1,21,2/2,Рекон.,39990
2025-03-03,Иманта,Даммес 25,2,50,2/9,602-я,60800
2025-03-03,Агенскалнс,Пукю 6,2,59,2/3,Рекон.,153141
2025-03-03,Агенскалнс,Ранькя Д. 31,2,45,2/4,Рекон.,118100
2025-03-03,центр,Индрану 9,2,42,1/5,Дов. дом,81000
2025-03-03,центр,Стабу 29,3,80,2/5,Дов. дом,130000
2025-03-03,Зиепниеккалнс,Ислицес 1,1,43,6/10,119-я,51500
2025-03-03,центр,Пиена 4,2,46,4/4,Рекон.,115000
2025-03-03,Болдерая,Гобас 16,3,63,1/5,103-я,49900
2025-03-03,Ильгюциемс,Риексту 11,2,51,1/6,Нов.,99500
2025-03-03,центр,Авоту 46A,2,40,1/5,Рекон.,97800
2025-03-03,Зиепниеккалнс,Виенибас Г. 126,1,21,2/2,Дов. дом,12000
2025-03-03,центр,Меркеля 8,2,45,3/3,Спец. пр.,83500
2025-03-03,Вецмилгравис,Мелдру 14,3,67,1/5,Лит. пр.,52000
2025-03-03,Плявниеки,Ясмуйжас 14,4,78,3/8,602-я,100000
2025-03-03,Кенгарагс,Вишкю 3,3,55,1/5,Лит. пр.,35000
2025-03-03,Агенскалнс,Ранькя Д. 5,4,89,1/5,Нов.,251900
2025-03-03,Агенскалнс,Ранькя Д. 5,2,49,1/5,Нов.,152400
2025-03-03,центр,Марияс 1,3,80,3/6,Дов. дом,115000
2025-03-03,центр,Дзирнаву 159A,2,39,3/4,Дов. дом,25000
2025-03-03,Иманта,Слокас 165,2,46,8/12,Чеш. пр.,45000
2025-03-03,центр,Сермулиню 16,2,46,1/4,Нов.,120700
2025-03-03,Шампетерис-Плескодале,Залвес 37,3,104,4/4,Нов.,155000
2025-03-03,центр,Лачплеша 87E,4,189,2/3,Дов. дом,210000
2025-03-03,центр,Валдемара 24,3,93,7/7,Дов. дом,189000
2025-03-03,центр,Бривибас 91,1,24,4/6,Рекон.,67000
2025-03-03,центр,Бривибас 91,2,38,4/6,Рекон.,108000
2025-03-03,центр,Бривибас 91,1,28,5/6,Рекон.,75000
2025-03-03,центр,Бривибас 91,1,38,2/6,Рекон.,96000
2025-03-03,центр,Бривибас 91,1,32,2/6,Рекон.,79000
2025-03-03,центр,Бривибас 91,1,40,4/6,Рекон.,100000
2025-03-03,центр,Бривибас 91,1,28,4/6,Рекон.,74000
2025-03-03,центр,Бривибас 91,2,38,2/6,Рекон.,99000
2025-03-03,центр,Бривибас 91,2,38,2/6,Рекон.,99000
2025-03-03,центр,Бривибас 91,1,28,6/6,Рекон.,77000
2025-03-03,центр,Бривибас 91,1,38,3/6,Рекон.,96000
2025-03-03,центр,Бривибас 91,1,40,5/6,Рекон.,100000
2025-03-03,центр,Бривибас 91,1,40,6/6,Рекон.,100000
2025-03-03,центр,Бривибас 91,1,27,3/6,Рекон.,72000
2025-03-03,Агенскалнс,Кугю 26,1,54,2/5,Нов.,135000
2025-03-03,Межапарк,Остас пр. 11,2,52,2/4,Сталинка,34000
2025-03-03,Кенгарагс,Малтас 21,3,66,5/5,Лит. пр.,60000
2025-03-03,Межапарк,Эзермалас 4a,1,28,4/5,Рекон.,40900
2025-03-03,Иманта,Ригондас Г. 5,1,32,12/12,Чеш. пр.,39000
2025-03-03,Золитуде,Анниньмуйжас 20,6,370,5/5,Нов.,298000
2025-03-03,Кливерсала,Кугю 28,3,134,1/6,Нов.,599000
2025-03-03,Плявниеки,Улброкас 7,3,75,8/12,104-я,85000
2025-03-03,Шампетерис-Плескодале,Лиелирбес 13,3,93,9/30,Нов.,162000
2025-03-03,Агенскалнс,Балдонес 28,2,40,4/5,Лит. пр.,39980
2025-03-03,Плявниеки,Деглава 126,3,75,1/9,119-я,59000
2025-03-03,Зиепниеккалнс,Озолциема 46,2,52,9/9,602-я,44900
2025-03-03,центр,Калькю 2,2,55,4/5,Спец. пр.,155000
2025-03-03,Ильгюциемс,Олайнес 1,2,43,1/2,Спец. пр.,32000
2025-03-03,центр,Калею 74,2,61,3/6,Нов.,150000
2025-03-03,Вецмилгравис,Калнгалес 11,1,39,1/9,Спец. пр.,35000
2025-03-03,центр,Ганибу Д. 40A,1,31,3/3,Дов. дом,20500
2025-03-03,центр,Валдемара 129,2,61,4/5,Сталинка,95000
2025-03-03,Межциемс,Хипократа 17,3,62,1/9,602-я,91700
2025-03-03,Болдерая,Лиелупес 64,2,52,5/5,Лит. пр.,39500
2025-03-03,Межциемс,Кайвас 50,2,63,2/5,Нов.,99000
2025-03-03,центр,Бривибас 148,2,51,3/6,Дов. дом,89000
2025-03-03,Ильгюциемс,Стурес 2,1,36,1/5,Спец. пр.,24000
2025-03-03,центр,Дзирнаву 53,3,125,2/6,Рекон.,377190
2025-03-03,Аплокциемс,Бриежу 7,3,52,3/6,Нов.,125000
2025-03-03,Кенгарагс,Прушу 22 k-2,2,44,5/5,Хрущ.,47500
2025-03-03,Плявниеки,Деглава 156,3,62,8/9,602-я,65000
2025-03-03,Пурвциемс,Дзелзавас 104,2,47,4/8,Нов.,104900
2025-03-03,Болдерая,Лиелупес 1 k-7,3,58,4/4,Хрущ.,50000
2025-03-03,Болдерая,Лиелупес 1-k6,3,57,4/4,Хрущ.,58000
2025-03-03,Вецмилгравис,Домбровска 11,1,13,3/3,Сталинка,8900
2025-03-03,Пурвциемс,Дзелзавас 106,2,47,6/8,Нов.,108000
2025-03-03,Иманта,Анниньмуйжас 40E,2,50,4/5,Лит. пр.,49500
2025-03-03,Тейка,Бривибас 239,1,27,2/5,Спец. пр.,36500
2025-03-03,Агенскалнс,Марупес 23,1,29,4/5,Спец. пр.,38000
2025-03-03,Иманта,Зентенес 20,3,62,7/9,602-я,88900
2025-03-03,Югла,Силциема 13-1,2,44,1/5,Лит. пр.,34700
2025-03-03,Иманта,Слокас 173,2,49,5/5,Лит. пр.,57000
2025-03-03,Мангали,Морес 3,1,31,2/5,Лит. пр.,29500
2025-03-03,Золитуде,Анниньмуйжас 7,2,63,1/14,Спец. пр.,87000
2025-03-03,Тейка,Бикерниеку 16a,2,55,4/5,Нов.,125000
2025-03-03,Торнякалнс,Лудвикя 1,1,23,2/2,Дов. дом,13200
2025-03-03,Мангали,Эзера 5,1,24,1/2,Дов. дом,13500
2025-03-03,Яунциемс,Яунциема Г. 167,1,13,2/2,Дов. дом,5200
2025-03-03,Саркандаугава,Кадикю 3,2,51,1/2,Рекон.,63000
2025-03-03,центр,Терезес 4,1,24,1/2,Дов. дом,26950
2025-03-03,Иманта,Анниньмуйжас 38,2,59,12/16,Нов.,120000
2025-03-03,Вецмилгравис,Вецмилгравья 1 л. 35,1,28,4/5,Лит. пр.,28000
2025-03-03,Межапарк,Гауяс 63,2,31,2/4,Нов.,82939
2025-03-03,Чиекуркалнс,Чиекуркална 7 п. л. 7,2,31,2/5,Нов.,82009
2025-03-03,Тейка,Вийциема 8,1,19,1/4,Нов.,43700
2025-03-03,Чиекуркалнс,Чиекуркална 7 п. л. 7,1,19,1/4,Нов.,43710
2025-03-03,Межциемс,Хипократа 37/34,2,49,9/9,602-я,65000
2025-03-03,Кенгарагс,Латгалес 429A,2,46,1/5,Спец. пр.,43000
2025-03-03,Иманта,Эркшкю 2,4,201,2/2,Нов.,330000
2025-03-03,Гризинькалнс,Лабораторияс 4a,3,53,1/5,Рекон.,99000
2025-03-03,Зиепниеккалнс,Тадайкю 1,2,48,4/5,Лит. пр.,68800
2025-03-03,Дарзциемс,Страуту 23,1,40,1/5,М. сем.,45000
2025-03-03,Зиепниеккалнс,Виенибас Г. 192,4,229,7/7,Нов.,250000
2025-03-03,Ильгюциемс,Вайделотес 18,3,53,1/5,Хрущ.,40000
2025-03-03,Плявниеки,Ренцену 40,4,73,2/5,Рекон.,100000
2025-03-03,центр,Барона 30,3,135,6/6,Рекон.,345000
2025-03-03,Саркандаугава,Хапсалас 6,1,35,7/9,602-я,30500
2025-03-03,Чиекуркалнс,Русова 9,2,46,1/7,Нов.,119000
2025-03-03,центр,Валдемара 147,2,56,3/5,Спец. пр.,87000
2025-03-03,Вецрига,Калею 74,2,72,3/7,Нов.,164000
2025-03-03,центр,Таллинас 32,3,117,3/4,Дов. дом,193000
2025-03-03,центр,Томсона 39/1,4,125,4/8,Нов.,280000
2025-03-03,Дарзциемс,Сеску 11,1,43,5/5,М. сем.,41500
2025-03-03,Кенгарагс,Вишкю 19,3,59,1/5,Лит. пр.,49850
2025-03-03,Ильгюциемс,Стурес 1а,5,150,3/3,Сталинка,165000
2025-03-03,Ильгюциемс,Стурес 6,3,65,5/5,Лит. пр.,75000
2025-03-03,центр,Дайнас 4,2,57,3/5,Дов. дом,91000
2025-03-03,Агенскалнс,Марупес 33,3,53,4/5,Хрущ.,67500
2025-03-03,Пурвциемс,Дзелзавас 53,1,33,4/9,467-я,40000
2025-03-03,Вецмилгравис,Вецмилгравья 1 л. 50,1,28,2/5,Лит. пр.,24000
2025-03-03,центр,Миера 105,2,57,2/5,Рекон.,133000
2025-03-03,центр,Сколас 25,2,40,2/5,Рекон.,147000
2025-03-03,Плявниеки,Ясмуйжас 14,4,78,2/9,602-я,68000
2025-03-03,Иманта,Даммес 38,2,52,8/10,602-я,45000
2025-03-03,Пурвциемс,Вайдавас 2k5,2,42,5/5,Хрущ.,39000
2025-03-03,Межциемс,Хипократа 35,4,76,8/9,602-я,73000
2025-03-03,центр,Дзирнаву 157,1,89,4/4,Дов. дом,57700
2025-03-03,центр,Меркеля 8,2,48,5/5,Дов. дом,91000
2025-03-03,Тейка,Бривибас 320,1,30,1/5,Хрущ.,28500
2025-03-03,Зиепниеккалнс,Валдекю 55,3,77,6/10,119-я,74900
2025-03-03,р-он,ул. Латгалес Лудзас 55,1,20,3/4,Дов. дом,21400
2025-03-03,Югла,Юглас 10,3,114,8/9,Нов.,161500
2025-03-03,Золитуде,Золитудес 75,3,153,6/6,Нов.,220000
2025-03-03,центр,Заубес 12,3,119,5/6,Нов.,350000
2025-03-03,Плявниеки,Тинужу 4,2,51,6/9,602-я,61000
2025-03-03,Яунциемс,Яунциема 2 л. 5a,3,58,5/5,Хрущ.,63000
2025-03-03,Плявниеки,Тинужу 12,4,80,5/9,467-я,99000
2025-03-03,Саркандаугава,Алекша 7,1,27,4/4,Рекон.,33900
2025-03-03,центр,Рупниецибас 20,4,90,2/4,Рекон.,256000
2025-03-03,центр,Чака 31,2,51,1/5,Рекон.,123000
2025-03-03,Пурвциемс,Стайцелес 1 k-2,2,51,9/9,602-я,51000
2025-03-03,центр,Дзирнаву 18,3,70,1/4,Дов. дом,128000
2025-03-03,Клейсти,Ратсупитес 3,2,65,1/2,Нов.,106500
2025-03-03,Шампетерис-Плескодале,Залвес 27,1,23,1/1,Рекон.,59000
2025-03-03,центр,Варну 15,1,25,3/4,Спец. пр.,35800
2025-03-03,Пурвциемс,Виршу 7,4,92,3/9,119-я,92000
2025-03-03,Вецмилгравис,Калнгалес 9,2,50,9/9,602-я,50999
2025-03-03,Вецрига,Смилшу 10,3,130,5/6,Рекон.,350000
2025-03-03,центр,Рупниецибас 9,3,95,6/6,Рекон.,267000
2025-03-03,Ильгюциемс,Дзирциема 61,2,49,6/9,467-я,55000
2025-03-03,Кенгарагс,Аглонас 14,3,61,2/5,Лит. пр.,69900
2025-03-03,центр,Цесу 5b,2,46,4/6,Дов. дом,95000
2025-03-03,центр,Стабу 116,3,62,3/5,Дов. дом,98500
2025-03-03,Пурвциемс,Марса Г. 2,2,48,5/5,Лит. пр.,45000
2025-03-03,Торнякалнс,Баускас 151,2,50,1/2,Дов. дом,15900
2025-03-03,Торнякалнс,Акменю 13,3,71,3/4,Дов. дом,117000
2025-03-03,Кенгарагс,Латгалес 260/7,2,45,5/5,Хрущ.,49500
2025-03-03,центр,Дзирнаву 92,3,65,5/5,Дов. дом,155000
2025-03-03,центр,Садовникова 25,3,57,3/6,Рекон.,89000
2025-03-03,центр,Пернавас 56A,2,34,4/4,Дов. дом,44900
2025-03-03,центр,Стабу 51,3,78,5/5,Рекон.,139000
2025-03-03,Межциемс,Друвиенас 36,4,76,7/9,602-я,74000
2025-03-03,Межциемс,Бикерниеку 102,2,60,9/16,104-я,70900
2025-03-03,Пурвциемс,Веявас 3,2,46,1/2,Хрущ.,45000
2025-03-03,Кенгарагс,Локомотивес 64,2,49,4/5,Лит. пр.,55500
2025-03-03,Мангали,Остас пр. 6,2,30,1/5,Лит. пр.,31000
2025-03-03,Вецмилгравис,Эммас 11,3,68,4/5,Лит. пр.,51500
2025-03-03,Золитуде,Биезиня 3,4,93,10/10,119-я,93000
2025-03-03,Иманта,Талавас Г. 3,3,60,3/5,Лит. пр.,50900
2025-03-03,Ильгюциемс,Риексту 16,2,39,3/5,Лит. пр.,36500
2025-03-03,Иманта,Анниньмуйжас 38/k3,2,60,4/18,Нов.,110000
2025-03-03,Гризинькалнс,Пернавас 1,2,56,3/5,Сталинка,105000
2025-03-03,Ильгюциемс,Риексту 24,3,50,1/3,Спец. пр.,84000
2025-03-03,Иманта,Слокас 199,2,50,5/9,602-я,50000
2025-03-03,Иманта,Даммес 30,2,49,4/5,Лит. пр.,45000
2025-03-03,Зиепниеккалнс,Дижозолу 25,4,80,4/8,602-я,75500
2025-03-03,Кипсала,Оглю 16a,3,116,2/1,Спец. пр.,139900
2025-03-03,Ильгюциемс,Саулгожу 9,2,43,2/5,Хрущ.,48500
2025-03-03,Плявниеки,Деглава 126,3,75,1/9,119-я,83000
2025-03-03,центр,Стабу 55,1,10,1/5,Дов. дом,15500
2025-03-03,р-он,ул. Латгалес Даугавпилс 49,1,22,5/5,Дов. дом,15900
2025-03-03,Плявниеки,Илукстес 15,2,59,1/4,Нов.,128000
2025-03-03,Даугавгрива,Плекснес 6,1,44,5/5,М. сем.,36500
2025-03-03,Пурвциемс,Дзелзавас 74,2,59,1/11,Нов.,109459
2025-03-03,Кенгарагс,Локомотивес 82,2,47,3/9,467-я,43900
2025-03-03,Вецрига,Краму 4,3,60,2/3,Дов. дом,129000
2025-03-03,центр,Гертрудес 65/2,3,56,7/7,Нов.,154000
2025-03-03,центр,Стабу 93,4,84,5/5,Дов. дом,225000
2025-03-03,центр,Гертрудес 65/2,2,40,6/7,Нов.,106000
2025-03-03,р-н,ул.Краста Латгалес 222B,2,51,8/9,467-я,70000
2025-03-03,центр,Бривибас 148,2,54,5/6,Дов. дом,72000
2025-03-03,Вецмилгравис,Скую 2,2,55,4/5,103-я,43000
2025-03-03,Плявниеки,Лубанас 115,1,45,5/9,М. сем.,30000
2025-03-03,центр,Лачплеша 35,4,122,4/5,Рекон.,215000
2025-03-03,Пурвциемс,Унияс 74,3,100,2/4,Нов.,198000
2025-03-03,Межциемс,Эйзенштейна 77,4,78,6/9,602-я,137000
2025-03-03,Межапарк,Кемпес 4,3,121,3/12,Нов.,185000
2025-03-03,Агенскалнс,Виенибас Г. 87B,2,38,3/3,Рекон.,76000
2025-03-03,Плявниеки,Дравниеку 1,4,86,8/10,Нов.,210000
2025-03-03,Ильгюциемс,Балта 12,1,20,2/2,Дов. дом,5600
2025-03-03,Плявниеки,Павасара г. 4,1,31,9/9,602-я,35000
2025-03-03,Пурвциемс,Пурвциема 55,1,39,8/9,М. сем.,39900
2025-03-03,центр,Упес 2a,1,34,5/5,Рекон.,48500
2025-03-03,Золитуде,Биезиня 4,4,93,6/10,119-я,125000
2025-03-03,Мангали,Эзера 23,1,26,1/2,Дов. дом,6500
2025-03-03,центр,Сермулиню 14,2,48,1/4,Нов.,120000
2025-03-03,Югла,Велдрес 11,2,47,5/5,Лит. пр.,61500
2025-03-03,Пурвциемс,Звайгзная Г. 14,2,49,2/5,Лит. пр.,62000
2025-03-03,Пурвциемс,Дзелзавас 76k2,3,62,1/9,602-я,63000
2025-03-03,центр,Майзницас 6,2,65,1/1,Дов. дом,65000
2025-03-03,центр,Авоту 66,2,62,4/5,Дов. дом,69000
2025-03-03,центр,Авоту 53,2,38,4/4,Дов. дом,67000
2025-03-03,Пурвциемс,Деглава 69,3,79,1/9,119-я,80000
2025-03-03,Саркандаугава,Загеру 6,1,33,3/3,Дов. дом,15000
2025-03-03,Бебербеки,Бабитес 1B,5,194,1/2,Нов.,275000
2025-03-03,центр,Гертрудес 113,2,46,3/7,Дов. дом,57000
2025-03-03,Кенгарагс,Латгалес 254,2,44,4/5,Лит. пр.,53500
2025-03-03,Межапарк,Судрабу Эджус 16,3,95,1/2,Дов. дом,235000
2025-03-03,Вецмилгравис,Эммас 7,3,68,1/5,Лит. пр.,49900
2025-03-03,Пурвциемс,Унияс 32,1,14,1/2,Спец. пр.,14400
2025-03-03,Плявниеки,Деглава 14,2,54,1/5,Нов.,109459
2025-03-03,Дарзциемс,Резекнес 2,2,51,1/5,Спец. пр.,59990
2025-03-03,Вецмилгравис,Ванадзиня Г. 2,3,68,5/5,Лит. пр.,63000
2025-03-03,Кенгарагс,Авиацияс 9,4,75,1/5,Лит. пр.,72000
2025-03-03,Пурвциемс,Дзелзавас 33,2,48,2/2,Лит. пр.,64500
2025-03-03,Пурвциемс,Дзелзавас 15/1,2,43,1/5,Хрущ.,49000
2025-03-03,Пурвциемс,Дзелзавас 19/1,2,42,4/5,Хрущ.,43000
2025-03-03,центр,Гертрудес 65/2,3,60,3/7,Нов.,147000
2025-03-03,Межциемс,Кайвас 50,2,34,1/5,Нов.,75000
2025-03-03,центр,Гертрудес 65/2,3,57,3/7,Нов.,140000
2025-03-03,центр,Бирзниека-Упиша 20C,3,73,4/5,Рекон.,77000
2025-03-03,центр,Бривибас 158,3,70,6/6,Дов. дом,77500
2025-03-03,Саркандаугава,Патверсмес 26,4,66,3/5,Хрущ.,75500
2025-03-03,центр,Чака 33,3,71,3/6,Дов. дом,157500
2025-03-03,р-н,ул.Краста Коюсалас 11,1,13,2/2,Спец. пр.,9800
2025-03-03,Югла,Маркалнес 1,2,35,4/5,М. сем.,21000
2025-03-03,Ильгюциемс,Дзирциема 71,3,63,7/9,602-я,69900
2025-03-03,Дрейлини,Каивас 48a,3,64,6/6,Нов.,152500
2025-03-03,Зиепниеккалнс,Баускас 75,1,25,5/5,Хрущ.,32000
2025-03-03,Дрейлини,Каивас 48a,4,86,2/6,Нов.,203700
2025-03-03,Дрейлини,Каивас 48a,2,44,4/6,Нов.,114100
2025-03-03,Дрейлини,Каивас 48a,3,59,1/6,Нов.,158600
2025-03-03,центр,Латгалес 123,3,47,3/6,Рекон.,79000
2025-03-03,центр,Экспорта 14,2,56,4/5,Сталинка,103000
2025-03-03,Межциемс,Кайвас 48a,3,59,1/6,Нов.,158600
2025-03-03,центр,Бривибас 146,1,24,1/5,Рекон.,44500
2025-03-03,центр,Бривибас 146,4,82,2/5,Рекон.,119480
2025-03-03,р-он,ул. Латгалес Дзирнаву 157,3,54,1/4,Дов. дом,89500
2025-03-03,Даугавгрива,Звиню 7,3,67,1/5,103-я,53400
2025-03-03,Тейка,Ропажу 12,3,83,4/10,Нов.,196000
2025-03-03,центр,Латгалес 140,1,35,3/4,Рекон.,72500
2025-03-03,Иманта,Эркшкю 2,3,81,2/2,Нов.,188000
2025-03-03,Дзегужкалнс,М. Стацияс 6,1,28,1/5,Лит. пр.,31500
2025-03-03,Мангали,Ледургас 5,2,58,3/4,Сталинка,40000
2025-03-03,Агенскалнс,Бариню 11,1,27,1/1,Дов. дом,17500
2025-03-03,центр,Латгалес 123,3,47,2/6,Дов. дом,79000
2025-03-03,Зиепниеккалнс,Валдекю 15,2,49,5/5,Хрущ.,60000
2025-03-03,Плявниеки,Дравниеку 3 K-3,3,69,9/10,Нов.,152618
2025-03-03,Агенскалнс,Орманю 20,1,27,2/2,Рекон.,80700
2025-03-03,центр,Чака 72,2,35,4/4,Дов. дом,91000
2025-03-03,Плявниеки,Дравниеку 3 K-2,2,49,7/10,Нов.,103000
2025-03-03,центр,Авоту 31,3,82,2/5,Дов. дом,106000
2025-03-03,Плявниеки,Дравниеку 3,3,65,2/10,Нов.,134274
2025-03-03,Плявниеки,Дравниеку 3,3,71,2/10,Нов.,149868
2025-03-03,Кенгарагс,Рушону 5.k-1,3,56,1/5,Хрущ.,58000
2025-03-03,Плявниеки,Дравниеку 3,3,71,7/10,Нов.,152716
2025-03-03,Пурвциемс,Дзелзавас 59,3,60,2/9,467-я,78900
2025-03-03,Югла,Вангажу 32,1,35,2/12,Чеш. пр.,45000
2025-03-03,Тейка,Бривибас 356,3,66,3/5,Сталинка,98000
2025-03-03,центр,Валдемара 109,3,67,2/6,Спец. пр.,142500
2025-03-03,Плявниеки,Дравниеку 3,1,33,9/10,Нов.,75024
2025-03-03,Плявниеки,Дравниеку 3,1,29,2/10,Нов.,69470
2025-03-03,Торнякалнс,Елгава 92,3,56,1/3,Дов. дом,48000
2025-03-03,Кенгарагс,Латгалес 258 k2,2,47,3/5,Хрущ.,34900
2025-03-03,Зиепниеккалнс,Валдекю 50k-2,1,34,1/9,602-я,40000
2025-03-03,Агенскалнс,Эрнестинес 8,2,46,1/5,Спец. пр.,65000
2025-03-03,Плявниеки,Тинужу 7,1,40,5/9,М. сем.,30990
2025-03-03,Даугавгрива,Плекснес 16,1,35,2/3,Спец. пр.,28800
2025-03-03,центр,Экспорта 2A,3,77,4/5,Спец. пр.,185000
2025-03-03,Иманта,Имантас 1,2,50,5/5,Лит. пр.,49500
2025-03-03,центр,Миера 5,-,312,7/7,Рекон.,124500
2025-03-03,центр,Сканстес 12,3,76,2/12,Нов.,218000
2025-03-03,центр,Сканстес 12,4,99,3/12,Нов.,277000
2025-03-03,центр,Сканстес 12,5,105,2/12,Нов.,314000
2025-03-03,Пурвциемс,Виршу 13,2,60,2/9,119-я,91500
2025-03-03,центр,Екаба 26/28,3,110,3/4,Дов. дом,229000
2025-03-03,р-он,ул. Латгалес Виляну 10,1,24,1/3,Дов. дом,11400
2025-03-03,Зиепниеккалнс,Серенес 4,3,74,1/16,104-я,102990
2025-03-03,Кенгарагс,Локомотивес 92,2,48,5/9,467-я,42000
2025-03-03,р-н,ул.Краста Плявиню 25,2,47,3/5,Хрущ.,38000
2025-03-03,Пурвциемс,Пурвциема 48,1,39,5/5,М. сем.,32000
2025-03-03,Плявниеки,Салнас 21,2,41,1/9,Нов.,75000
2025-03-03,Межапарк,Эзермалас 13,3,92,5/5,Нов.,185000
2025-03-03,Дарзциемс,Зелтиню 7,2,52,5/9,602-я,47990
2025-03-03,Тейка,Бривибас 201,2,39,5/5,Нов.,83900
2025-03-03,Тейка,Бривибас 201,3,75,2/5,Рекон.,154500
2025-03-03,Тейка,Бривибас 201,2,37,1/5,Нов.,67500
2025-03-03,Тейка,Бривибас 201,2,65,3/5,Нов.,131400
2025-03-03,центр,Аугшиела 8,2,37,6/6,Рекон.,53500
2025-03-03,центр,Аугшиела 8,2,30,6/6,Рекон.,47500
2025-03-03,Плявниеки,Дравниеку 3,2,49,10/10,Нов.,106337
2025-03-03,Зиепниеккалнс,Зиепью 9,3,66,4/5,103-я,63000
2025-03-03,Агенскалнс,Амалияс 5,2,34,3/3,Рекон.,94188
2025-03-03,центр,Сколас 25,3,81,4/6,Дов. дом,140000
2025-03-03,Плявниеки,Салнас 21,1,46,2/9,Нов.,85000
2025-03-03,Золитуде,Анниньмуйжас 7,2,76,12/13,Нов.,110000
2025-03-03,Ильгюциемс,Гара 23,2,49,5/5,Лит. пр.,69000
2025-03-03,Ильгюциемс,Слокас 80,2,46,3/4,Рекон.,68500
2025-03-03,Ильгюциемс,Слокас 80,2,44,3/4,Рекон.,64000
2025-03-03,центр,Барона 24/26,3,73,4/6,Рекон.,235000
2025-03-03,центр,Стабу 100,3,74,7/7,Нов.,177500
2025-03-03,Агенскалнс,Баложу 28,3,63,1/3,Рекон.,122000
2025-03-03,Дрейлини,Каивас 48A,2,47,5/6,Нов.,117300
2025-03-03,центр,Бирзниека-Упиша 10,3,75,2/5,Рекон.,185000
2025-03-03,р-он,ул. Латгалес Калупес 15,2,32,1/5,Дов. дом,40500
2025-03-03,р-он,ул. Латгалес Калупес 15,1,23,2/5,Дов. дом,34500
2025-03-03,Даугавгрива,Парадес 7,3,66,5/5,103-я,45000
2025-03-03,центр,Пиена 4,2,29,1/4,Рекон.,51500
2025-03-03,р-он,ул. Латгалес Калупес 15,1,37,4/5,Дов. дом,46450
2025-03-03,центр,Нарвас 6,2,63,1/5,Дов. дом,66000
2025-03-03,Агенскалнс,Амалияс 5,3,70,2/3,Рекон.,191093
2025-03-03,Агенскалнс,Акменю 13,4,125,2/4,Дов. дом,168750
2025-03-03,р-н,ул.Краста Дзервью 1,2,35,2/4,Хрущ.,41000
2025-03-03,Саркандаугава,Саркандаугавас 26,2,41,4/5,Хрущ.,29000
2025-03-03,Плявниеки,Ясмуйжас 18k-1,2,58,1/9,Нов.,102000
2025-03-03,Пурвциемс,Пуцес 47,2,56,6/7,Нов.,99800
2025-03-03,Межциемс,Хипократа 19,2,50,5/9,602-я,42000
2025-03-03,Пурвциемс,Унияс 76A,3,63,5/5,Лит. пр.,50000
2025-03-03,центр,Бривибас 162,2,54,5/12,Спец. пр.,65900
2025-03-03,Пурвциемс,Бранткална 4,2,58,5/9,119-я,64950
2025-03-03,Зиепниеккалнс,Чакстес Г. 49,1,25,2/2,Спец. пр.,18900
2025-03-03,центр,Бривибас 84,2,70,1/5,Дов. дом,114000
2025-03-03,центр,Садовникова 21,3,65,4/6,Спец. пр.,75000
2025-03-03,Плявниеки,Деглава 108,3,78,8/9,119-я,66950
2025-03-03,Иманта,Лазду 53,3,99,1/1,Нов.,215000
2025-03-03,Саркандаугава,Тилта 11-2,2,42,5/5,Хрущ.,28500
2025-03-03,Кенгарагс,Латгалес 273 k-1,3,60,4/5,Рекон.,56000
2025-03-03,центр,Дунтес 20,3,71,1/2,Дов. дом,48000
2025-03-03,Зиепниеккалнс,Малу 18,2,38,1/4,Нов.,94250
2025-03-03,Зиепниеккалнс,Малу 18,2,38,2/4,Нов.,94000
2025-03-03,Югла,М. Юглас 3a,6,123,1/3,Нов.,144900
2025-03-03,центр,Марияс 1,6,125,4/6,Дов. дом,180000
2025-03-03,Шампетерис-Плескодале,Засулаука 13,3,65,2/5,Нов.,155000
2025-03-03,Иманта,Дубулту 4,2,37,2/5,Лит. пр.,45000
2025-03-03,Засулаукс,Калнциема 76,2,60,1/2,Дов. дом,55000
2025-03-03,Кенгарагс,Аглонас 27,2,40,3/5,Хрущ.,61000
2025-03-03,центр,Матиса 95,1,20,2/2,Дов. дом,30000
2025-03-03,центр,Матиса 101,1,29,5/5,Рекон.,62500
2025-03-03,Зиепниеккалнс,Зиепниеккална 75,4,96,2/4,Нов.,267300
2025-03-03,Зиепниеккалнс,Зиепниеккална 75,3,78,1/4,Нов.,217600
2025-03-03,Агенскалнс,Ранькя Д. 34,3,101,9/22,Нов.,234000
2025-03-03,Тейка,Палму 14,3,63,4/5,Хрущ.,99900
2025-03-03,р-он,ул. Латгалес Ломоносова 7,2,58,2/6,Сталинка,60000
2025-03-03,Болдерая,Стурманю 25,2,53,4/4,Нов.,62500
2025-03-03,Кенгарагс,Вишкю 9,1,32,2/5,Лит. пр.,36000
2025-03-03,Кенгарагс,Локомотивес 90,3,62,2/5,Лит. пр.,61000
2025-03-03,Иманта,Анниньмуйжас 20,3,66,3/5,Лит. пр.,69950
2025-03-03,Югла,Бривибас 446,4,244,4/4,Нов.,345000
2025-03-03,Пурвциемс,Илукстес 103,3,82,2/5,103-я,110000
2025-03-03,центр,Калпака бульв. 7,4,107,5/6,Рекон.,445000
2025-03-03,Иманта,Анниньмуйжас 56,3,63,6/9,602-я,53000
2025-03-03,Плявниеки,Илукстес 54,1,45,5/5,Спец. пр.,42000
2025-03-03,центр,Дарзауглю 1,3,116,3/6,Нов.,180000
2025-03-03,р-н,ул.Краста Латгалес 213,2,50,4/9,Лит. пр.,53000
2025-03-03,Агенскалнс,Грегора 2B,2,41,4/7,Нов.,118300
2025-03-03,Дзегужкалнс,Тапешу 46,2,38,5/5,Лит. пр.,29000
2025-03-03,Тейка,Бривибас 237,2,52,1/5,Спец. пр.,63600
2025-03-03,р-н,ул.Краста Салацас 32,3,59,9/9,467-я,52000
2025-03-03,Кенгарагс,Латгалес 387,3,54,2/4,Спец. пр.,45000
2025-03-03,Ильгюциемс,Лилияс 9,1,30,4/5,Хрущ.,28000
2025-03-03,Кенгарагс,Глудас 15,3,52,5/5,Хрущ.,69000
2025-03-03,Дзегужкалнс,М. Стацияс 4,3,59,1/5,Лит. пр.,55400
2025-03-03,Шампетерис-Плескодале,Лиелирбес 13,3,92,17/31,Нов.,165000
2025-03-03,Межапарк,Эзермалас 13,3,86,1/5,Нов.,172000
2025-03-03,Вецрига,Марсталю 16,2,63,5/5,Рекон.,190000
2025-03-03,Иманта,Анниньмуйжас 50,3,61,6/9,602-я,49500
2025-03-03,Тейка,Раунас 45,2,42,4/4,Хрущ.,85000
2025-03-03,центр,Рупниецибас 5,3,73,1/6,Рекон.,155000
2025-03-03,центр,Валдемара 159,1,38,2/5,Дов. дом,55600
2025-03-03,Чиекуркалнс,Чиекуркална 2 л. 67,1,25,1/2,Рекон.,21000
2025-03-03,Межапарк,Межнорас 21,3,56,4/4,Нов.,115000
2025-03-03,Агенскалнс,Ранькя Д. 31,3,55,3/4,Рекон.,119000
2025-03-03,Гризинькалнс,Звайгжню 20,2,45,5/5,Спец. пр.,59500
2025-03-03,Чиекуркалнс,Русова 28,1,42,4/5,М. сем.,42000
2025-03-03,Югла,Балтезера 7,3,59,3/5,Спец. пр.,73900
2025-03-03,Плявниеки,Сахарова 19,3,76,5/12,104-я,95000
2025-03-03,центр,Рудолфа 1a,1,27,5/6,Дов. дом,42000
2025-03-03,Ильгюциемс,Скуйенес 9,1,31,1/5,Лит. пр.,27600
2025-03-03,р-он,ул. Латгалес Лаувас 7,2,32,2/4,Рекон.,69900
2025-03-03,р-он,ул. Латгалес Лаувас 7,2,43,4/4,Рекон.,89000
2025-03-03,Иманта,Даммес 24,3,55,3/5,Лит. пр.,85000
2025-03-03,Зиепниеккалнс,Кекавас 5,2,56,2/5,103-я,65000
2025-03-03,Плявниеки,Грестес 12,2,51,9/4,602-я,49900
2025-03-03,Плявниеки,Сахарова 7,1,43,5/9,М. сем.,38000
2025-03-03,центр,Дзирнаву 3,4,165,3/5,Дов. дом,325000
2025-03-03,Даугавгрива,Бирзес 30,2,51,5/12,Спец. пр.,25000
2025-03-03,центр,Бривибас 142,5,108,2/6,Рекон.,175000
2025-03-03,Зиепниеккалнс,Тадайкю 9a,1,30,2/4,Хрущ.,35500
2025-03-03,Тейка,Ропажу 14b,3,69,6/10,Нов.,183000
2025-03-03,центр,Рупниецибас 5,3,105,3/5,Рекон.,198300
2025-03-03,центр,Барона 31 b,5,120,5/5,Дов. дом,192000
2025-03-03,Кенгарагс,Икшкилес 2,1,34,5/9,467-я,35000
2025-03-03,Пурвциемс,Стайцелес 11,3,63,5/9,602-я,86950
2025-03-03,Кенгарагс,Латгалес 413,2,44,2/5,Лит. пр.,51000
2025-03-03,Пурвциемс,Пуцес 45,3,95,1/8,Нов.,180000
2025-03-03,Кенгарагс,Икшкилес 9,2,45,5/12,Чеш. пр.,45000
2025-03-03,центр,Дзирнаву 3,4,165,3/5,Рекон.,325000
2025-03-03,центр,Матиса 29,3,52,3/3,Рекон.,117500
2025-03-03,центр,Красотаю 13,2,26,5/5,Рекон.,67000
2025-03-03,центр,Клуса 7,2,60,1/5,Дов. дом,60000
2025-03-03,Агенскалнс,Кугю 26,3,115,4/5,Нов.,325000
2025-03-03,центр,Чака 131,1,31,1/5,Дов. дом,49500
2025-03-03,Тейка,Раунас 58,2,45,2/4,Хрущ.,46500
2025-03-03,Пурвциемс,Дзелзавас 106,3,68,1/7,Нов.,147100
2025-03-03,Саркандаугава,Лимбажу 1,2,32,1/2,Дов. дом,11000
2025-03-03,центр,Сколас 22A,4,115,5/6,Дов. дом,320000
2025-03-03,центр,Стрелниеку 5,3,108,4/7,Нов.,540000
2025-03-03,центр,Стрелниеку 5,4,157,4/7,Нов.,633000
2025-03-03,центр,Стрелниеку 5,4,118,2/7,Нов.,625000
2025-03-03,центр,Стрелниеку 5,3,139,5/7,Нов.,583000
2025-03-03,Югла,Мурьяню 48,3,57,1/5,Лит. пр.,56950
2025-03-03,Агенскалнс,Ранькя Д. 34,3,95,9/23,Нов.,291000
2025-03-03,Агенскалнс,Ранькя Д. 34,5,178,15/23,Нов.,613000
2025-03-03,центр,Стрелниеку 8,3,224,2/7,Нов.,442000
2025-03-03,центр,Стрелниеку 8,4,155,7/7,Нов.,603000
2025-03-03,центр,Стрелниеку 8,5,160,5/7,Нов.,542000
2025-03-03,центр,Стрелниеку 8,4,163,7/7,Нов.,616000
2025-03-03,Болдерая,Гобас 26,1,34,4/5,103-я,22500
2025-03-03,Саркандаугава,Тилта 24/1,3,65,5/5,103-я,54800
2025-03-03,центр,Авоту 46a,2,40,1/5,Рекон.,97800
2025-03-03,Пурвциемс,Унияс 74,3,96,1/4,Спец. пр.,165000
2025-03-03,Иманта,Лазду 53,4,117,1/1,Ч. дом,220000
2025-03-03,центр,Калниня 6,3,68,5/5,Рекон.,220000
2025-03-03,центр,Бривибас 19,3,90,5/6,Рекон.,360000
2025-03-03,Плявниеки,Деглава 174,3,62,3/9,Нов.,142200
2025-03-03,Дарзциемс,Трасуна 17,4,80,2/5,Нов.,191400
2025-03-03,Дрейлини,Валтера 1,3,67,4/4,Нов.,161800
2025-03-03,Плявниеки,Улброкас 6,1,40,1/5,М. сем.,34900
2025-03-03,Югла,Вангажу 19,2,41,3/5,Хрущ.,35000
2025-03-03,Ильгюциемс,Спилвес 35,1,28,3/5,Лит. пр.,37000
2025-03-03,Югла,Велдрес 32,1,33,2/12,Чеш. пр.,34500
2025-03-03,Вецмилгравис,Домбровска 9B,1,24,2/2,Спец. пр.,12990
2025-03-03,Торнякалнс,Баускас 29k2,2,100,6/5,103-я,105000
2025-03-03,Пурвциемс,Дзелзавас 33,3,61,5/5,Лит. пр.,58800
2025-03-03,Межапарк,Кемпес 5,3,73,7/12,Спец. пр.,115000
2025-03-03,Саркандаугава,Приежу 12,1,27,3/3,Дов. дом,15000
2025-03-03,центр,Экспорта 2a,4,98,5/5,Рекон.,220000
2025-03-03,Межциемс,Друвиенас 36,4,76,6/9,602-я,75000
2025-03-03,Саркандаугава,Озолу 7,1,39,5/5,Спец. пр.,33400
2025-03-03,Ильгюциемс,Риексту 9,1,39,4/5,М. сем.,36500
2025-03-03,Саркандаугава,Виестура пр. 15,2,45,1/3,Хрущ.,39700
2025-03-03,Кенгарагс,Прушу 23b,3,60,4/5,Хрущ.,55800
2025-03-03,р-н,ул.Краста Латгалес 153a,1,25,1/5,Дов. дом,29900
2025-03-03,р-он,ул. Латгалес Екабпилс 25,3,57,2/3,Дов. дом,33000
2025-03-03,Межапарк,Яуна Межапарка 36b,2,60,2/4,Нов.,198000
2025-03-03,Саркандаугава,Виестура пр. 97,2,46,5/9,Спец. пр.,35000
2025-03-03,Аплокциемс,Ледургас 10,2,41,2/2,Дов. дом,19500
2025-03-03,Ильгюциемс,Балта 12,1,30,2/2,Дов. дом,11900
2025-03-03,Югла,Квелес 31,2,47,1/5,Лит. пр.,45495
2025-03-03,Пурвциемс,Илукстес 101,2,52,5/5,103-я,66000
2025-03-03,центр,Красотаю 13,4,76,2/5,Рекон.,125000
2025-03-03,Золитуде,Приедайнес 13,3,208,5/5,Спец. пр.,235000
2025-03-03,Даугавгрива,Парадес 20A,1,32,5/5,Хрущ.,22400
2025-03-03,центр,Миера 29,2,61,2/6,Дов. дом,109400
2025-03-03,центр,Аусекля 3,2,47,2/5,Дов. дом,139000
2025-03-03,р-он,ул. Латгалес Лудзас 42/2,1,34,3/5,Хрущ.,37000
2025-03-03,р-он,ул. Латгалес Екабпилс 16A,1,20,2/2,Дов. дом,13900
2025-03-03,центр,Бруниниеку 28,4,91,5/6,Дов. дом,180000
2025-03-03,центр,Бривибас 148,3,61,6/6,Дов. дом,139000
2025-03-03,центр,Нарвас 6,2,63,4/5,Дов. дом,115000
2025-03-03,центр,Калпака бульв. 11,2,62,4/4,Дов. дом,199500
2025-03-03,Иманта,Думбрая 29,3,77,9/13,Нов.,224900
2025-03-03,центр,Бруниниеку 44,3,82,4/5,Дов. дом,130000
2025-03-03,Пурвциемс,Деглава 35,2,68,2/3,Сталинка,49990
2025-03-03,Ильгюциемс,Лидоню 9,2,49,4/5,Лит. пр.,49990
2025-03-03,Зиепниеккалнс,Ливциема 43,2,45,1/5,Хрущ.,55000
2025-03-03,Югла,Бривибас 430,2,39,5/5,Хрущ.,39990
2025-03-03,Пурвциемс,Пурвциема 55,1,39,8/9,М. сем.,41000
2025-03-03,Тейка,Раунас 3,1,34,2/2,Дов. дом,38000
2025-03-03,центр,Райня бульв. 3,4,149,4/6,Рекон.,296000
2025-03-03,Вецмилгравис,Ванадзиня Г. 1,2,50,8/9,467-я,40000
2025-03-03,Кенгарагс,Латгалес 291 k-1,2,45,2/5,Лит. пр.,50000
2025-03-03,Золитуде,Лейиня 5,3,78,7/9,119-я,95000
2025-03-03,Межциемс,Хипократа 17,2,52,7/9,602-я,47000
2025-03-03,центр,Райня бульв. 3,6,193,2/6,Рекон.,386800
2025-03-03,Золитуде,Русес 14,3,79,2/9,119-я,65000
2025-03-03,центр,Марияс 14A,2,28,6/7,Рекон.,92300
2025-03-03,центр,Гертрудес 113,2,44,6/7,Дов. дом,80000
2025-03-03,центр,Сколас 22A,3,131,4/5,Дов. дом,230000
2025-03-03,центр,Райня бульв. 3,4,148,4/6,Рекон.,296000
2025-03-03,центр,Райня бульв. 3,6,193,2/6,Рекон.,386800
2025-03-03,р-н,ул.Краста Зилупес 1 k - 2,2,48,3/3,Хрущ.,40100
2025-03-03,Вецмилгравис,Вецмилгравья 6,3,63,4/5,Хрущ.,69800
2025-03-03,Кливерсала,Валгума 25,4,105,2/4,Сталинка,220000
2025-03-03,центр,Зирню 4,3,56,1/6,Хрущ.,67000
2025-03-03,Пурвциемс,Стирну 47,2,39,4/5,Лит. пр.,41000
2025-03-03,центр,Лачплеша 36,2,55,1/6,Рекон.,101500
2025-03-03,Дарзциемс,Румбулас 1 k-2,1,42,3/5,М. сем.,37800
2025-03-03,Иманта,Лазду 53,3,99,1/1,Нов.,215000
2025-03-03,центр,Антонияс 24,3,87,2/6,Дов. дом,173052
2025-03-03,Тейка,Таливалжа 20,2,68,1/3,Нов.,165000
2025-03-03,Агенскалнс,Маргриетас 16,3,98,3/3,Рекон.,131000
2025-03-03,Пурвциемс,Ницгалес 31,3,74,4/9,119-я,66000
2025-03-03,Зиепниеккалнс,Малу 16,1,36,1/3,Дов. дом,33000
2025-03-03,Югла,Вангажу 15,1,35,8/12,Чеш. пр.,45700
2025-03-03,центр,Стрелниеку 2,3,60,3/5,Дов. дом,198000
2025-03-03,Дрейлини,Каивас 48A,3,60,6/6,Нов.,148800
2025-03-03,Саркандаугава,Тилта 11,2,43,5/5,Хрущ.,47000
2025-03-03,Иманта,Курземес пр. 84,1,37,9/9,602-я,37800
2025-03-03,Югла,Юглас 10,2,88,6/9,Нов.,135000
2025-03-03,центр,Катринас Д. 22,2,53,2/4,Сталинка,64900
2025-03-03,Ильгюциемс,Слокас 112,1,37,4/5,Лит. пр.,40000
2025-03-03,Тейка,Бривибас 292,2,45,1/3,Спец. пр.,83000
2025-03-03,Чиекуркалнс,Эзермалас 4,2,34,4/5,Рекон.,46368
2025-03-03,Чиекуркалнс,Эзермалас 4,2,28,1/5,Рекон.,38226
2025-03-03,Чиекуркалнс,Эзермалас 4,2,27,1/5,Рекон.,37260
2025-03-03,Чиекуркалнс,Эзермалас 4,2,20,1/5,Рекон.,29118
2025-03-03,Чиекуркалнс,Эзермалас 4,2,19,4/5,Рекон.,26220
2025-03-03,Чиекуркалнс,Эзермалас 4,2,28,2/5,Рекон.,38364
2025-03-03,центр,Барона 129,1,29,1/5,Дов. дом,26890
2025-03-03,Зиепниеккалнс,Виенибас Г. 186,2,65,4/5,Нов.,125000
2025-03-03,Ильгюциемс,Лидоню 7,3,54,5/5,Лит. пр.,36000
2025-03-03,Пурвциемс,Стирну 47,3,60,1/5,Лит. пр.,53000
2025-03-03,Кенгарагс,Прушу 22/3,2,49,5/5,Лит. пр.,46000
2025-03-03,Кенгарагс,Вишкю 7,3,62,1/5,Лит. пр.,47000
2025-03-03,Шампетерис-Плескодале,Ирлавас 26a,2,51,1/5,103-я,47000
2025-03-03,Югла,Малиенас 68-26,2,48,2/5,Хрущ.,54000
2025-03-03,Гризинькалнс,Бривибас 162k2,2,54,4/7,Спец. пр.,89900
2025-03-03,Шампетерис-Плескодале,Лиелирбес 15,2,64,3/30,Нов.,150635
2025-03-03,Шампетерис-Плескодале,Лиелирбес 15,3,84,3/30,Нов.,198340
2025-03-03,Шампетерис-Плескодале,Лиелирбес 15,2,67,3/30,Нов.,157215
2025-03-03,Шампетерис-Плескодале,Лиелирбес 15,4,92,3/30,Нов.,215025
2025-03-03,Шампетерис-Плескодале,Лиелирбес 15,2,67,8/30,Нов.,170340
2025-03-03,Шампетерис-Плескодале,Лиелирбес 15,2,65,8/30,Нов.,165240
2025-03-03,Шампетерис-Плескодале,Лиелирбес 15,2,57,8/30,Нов.,146370
2025-03-03,Кенгарагс,Латгалес 250 K-1,2,42,4/5,Хрущ.,37985
2025-03-03,Тейка,Берзпилс 5,3,57,5/5,Хрущ.,68000
2025-03-03,Иманта,Слокас 171,3,74,1/12,Чеш. пр.,52000
2025-03-03,Югла,Велдрес 1,2,47,2/5,Лит. пр.,41000
2025-03-03,Плявниеки,Павасара г. 4,1,44,7/9,М. сем.,34000
2025-03-03,центр,Спорта 3,6,237,4/5,Дов. дом,365000
2025-03-03,центр,Сермулиню 16,3,66,3/5,Нов.,195000
2025-03-03,Дарзциемс,Румбулас 18,3,60,5/5,103-я,95000
2025-03-03,Вецрига,Мейеровица бульв. 6,4,103,1/5,Дов. дом,210000
2025-03-03,центр,Лабораторияс 3,2,60,1/5,Рекон.,119300
2025-03-03,центр,Пушкина 1,3,74,6/6,Рекон.,99360
2025-03-03,центр,Тербатас 4,4,99,1/6,Рекон.,170000
2025-03-03,Плявниеки,Илукстес 4,1,44,8/9,М. сем.,40000
2025-03-03,центр,Базницас 26A,3,98,6/6,Рекон.,200000
2025-03-03,Агенскалнс,Сабилес 13,3,81,2/3,Нов.,246530
2025-03-03,Зиепниеккалнс,Басу 3A,2,57,2/2,Нов.,109000
2025-03-03,Тейка,Лиелвардес 21,3,96,1/3,Дов. дом,130000
2025-03-03,центр,Казарму 2a,1,30,3/4,Дов. дом,59000
2025-03-03,центр,Блауманя 8,6,340,2/6,Дов. дом,350000
2025-03-03,р-он,ул. Латгалес Ерсикас 21A,3,48,2/6,Рекон.,81000
2025-03-03,Пурвциемс,Мадонас 21,2,60,11/16,Спец. пр.,70000
2025-03-03,Плявниеки,Купричу 1F,4,106,1/6,Нов.,199000
2025-03-03,центр,Гоголя 10,3,70,3/5,Дов. дом,147000
2025-03-03,Мангали,Морес 7,3,56,1/5,Хрущ.,54000
2025-03-03,Иманта,Курземес пр. 108a,2,51,5/5,Лит. пр.,62000
2025-03-03,Тейка,Ропажу 5,3,68,1/5,Спец. пр.,97900
2025-03-03,Саркандаугава,Патверсмес 6,1,24,2/2,Дов. дом,11800
2025-03-03,р-он,ул. Латгалес Краславас 34,2,37,1/5,Дов. дом,38500
2025-03-03,Пурвциемс,Иерикю 20,1,20,3/3,М. сем.,11200
2025-03-03,центр,Матиса 101,3,36,4/5,Рекон.,84365
2025-03-03,Другой,Sidraburgas 1A,4,134,2/2,Нов.,199000
2025-03-03,центр,Матиса 93,2,60,5/5,Дов. дом,102000
2025-03-03,центр,Републикас пл. 3,3,109,5/6,Нов.,380000
2025-03-03,Пурвциемс,Браслас 53,4,91,2/6,Нов.,122000
2025-03-03,Иманта,Имантас 4A,2,50,5/5,Лит. пр.,70000
2025-03-03,центр,Клуса 7a,4,90,1/4,Дов. дом,79000
2025-03-03,центр,Дзирнаву 159a,2,38,1/4,Дов. дом,33800
2025-03-03,центр,Валдемара 70,3,89,5/5,Спец. пр.,112200
2025-03-03,р-он,ул. Латгалес Ломоносова 3,2,49,5/6,Дов. дом,71000
2025-03-03,Торнякалнс,Апшу 4,2,51,1/3,Рекон.,115506
2025-03-03,центр,Пушкина 1,3,60,5/6,Рекон.,78260
2025-03-03,р-он,ул. Латгалес Даугавпилс 41,1,24,4/5,Дов. дом,23500
2025-03-03,Даугавгрива,Парадес 1,2,47,5/5,103-я,45000
2025-03-03,р-н,ул.Краста Салацас 27,3,58,3/3,Хрущ.,40000
2025-03-03,центр,Дзирнаву 159a,2,44,1/4,Дов. дом,38000
2025-03-03,Ильгюциемс,Лилияс 15,3,53,5/5,Хрущ.,49300
2025-03-03,Межапарк,Инчукална 4,3,77,4/4,Рекон.,167000
2025-03-03,Пурвциемс,Дзелзавас 23,2,50,2/9,602-я,55000
2025-03-03,Югла,Тирзас 1a,1,29,3/4,Хрущ.,29800
2025-03-03,центр,Весетас 25,3,68,1/5,Спец. пр.,125000
2025-03-03,Чиекуркалнс,Чиекуркална 3 п. л. 2A,1,23,2/2,Дов. дом,6200
2025-03-03,Плявниеки,Павасара г. 3,4,78,9/9,602-я,95000
2025-03-03,р-он,ул. Латгалес Латгалес 271,3,3,4/5,Лит. пр.,33000
2025-03-03,Кенгарагс,Е. Ранцана 8,3,57,3/5,Лит. пр.,62000
2025-03-03,Пурвциемс,Марциенас 1,3,74,5/9,119-я,58400
2025-03-03,Межапарк,Виестура пр. 69,2,34,2/5,Спец. пр.,39500
2025-03-03,р-он,ул. Латгалес Екабпилс 4,1,27,4/5,Рекон.,43648
2025-03-03,Межапарк,Кокнесес пр. 20,4,80,3/3,Ч. дом,195000
2025-03-03,Плявниеки,Плявниеку 9,3,107,9/9,Нов.,170000
2025-03-03,Пурвциемс,Деглава 94,2,86,1/4,Нов.,128000
2025-03-03,Кенгарагс,Вишкю 23,1,28,1/5,Лит. пр.,36000
2025-03-03,Брекши,Югласциема б. 60,2,46,1/2,Нов.,97000
2025-03-03,Агенскалнс,Кугю 15,3,98,2/7,Нов.,290000
2025-03-03,Пурвциемс,Калснавас 2с,2,60,6/12,104-я,61000
2025-03-03,центр,Аусекля 2,3,68,1/5,Дов. дом,220000
2025-03-03,центр,Виландес 5,3,77,4/5,Рекон.,164000
2025-03-03,Плявниеки,Грестес 10,3,61,3/9,602-я,94000
2025-03-03,Зиепниеккалнс,Озолциема 20 K-2,5,103,4/5,Нов.,125000
2025-03-03,центр,Катринас Д. 15,1,29,4/4,Рекон.,45000
2025-03-03,центр,Рупниецибас 34A,3,93,2/6,Нов.,205000
2025-03-03,Даугавгрива,Парадес 9a,1,35,1/2,Сталинка,28000
2025-03-03,центр,Стабу 100,3,74,2/7,Нов.,163500
2025-03-03,Агенскалнс,Елгава 92,4,85,2/3,Дов. дом,149000
2025-03-03,Золитуде,Лейиня 18,4,95,6/9,119-я,87950
2025-03-03,Вецмилгравис,Вецмилгравья 8,2,51,5/5,Хрущ.,46000
2025-03-03,Торнякалнс,Елгава 92,4,85,2/3,Дов. дом,149000
2025-03-03,Торнякалнс,Мукусалас 35,1,40,1/2,Дов. дом,25900
2025-03-03,Плявниеки,Салнас 3,3,63,4/9,602-я,51000
2025-03-03,центр,Катринас Д. 24,2,49,2/3,Сталинка,34500
2025-03-03,Золитуде,Биезиня 11,3,75,2/9,119-я,66960
2025-03-03,Мангали,Морес 3,2,45,3/5,Лит. пр.,37000
2025-03-03,Тейка,Бривибас 201,2,38,5/5,Нов.,81900
2025-03-03,Тейка,Бривибас 201,1,37,1/5,Нов.,67500
2025-03-03,Тейка,Бривибас 201,4,100,2/5,Нов.,181900
2025-03-03,Тейка,Бривибас 201,3,76,4/5,Нов.,162900
2025-03-03,Гризинькалнс,Аугшиела 8,2,37,6/6,Рекон.,53500
2025-03-03,Гризинькалнс,Аугшиела 8,2,29,2/6,Рекон.,48950
2025-03-03,Пурвциемс,Деглава 13,2,34,5/6,Рекон.,55950
2025-03-03,Пурвциемс,Деглава 13,2,30,6/6,Рекон.,47500
2025-03-03,центр,Аугшиела 8,2,34,3/6,Рекон.,59950
2025-03-03,Саркандаугава,Ажу 5,2,53,4/5,103-я,39900
2025-03-03,Вецмилгравис,Сармас 7,2,50,5/9,602-я,38500
2025-03-03,Вецрига,Кунгу 25,4,165,4/6,Нов.,495000
2025-03-03,Тейка,Структору 5,1,28,1/3,Рекон.,49000
2025-03-03,Тейка,Структору 5,1,29,1/3,Рекон.,49000
2025-03-03,Зиепниеккалнс,Виенибас Г. 186A,3,84,3/5,Нов.,139000
2025-03-03,Чиекуркалнс,Чиекуркална 2 л. 26,1,38,3/5,103-я,33000
2025-03-03,Зиепниеккалнс,Гарозес 19,1,43,4/5,М. сем.,35500
2025-03-03,центр,Дзирнаву 55,5,135,2/4,Дов. дом,290000
2025-03-03,Плявниеки,Руденс 2,3,63,6/9,602-я,55500
2025-03-03,р-н,ул.Краста Латгалес 190,3,52,8/9,Нов.,138000
2025-03-03,Вецрига,Вецпилсетас 9,2,44,1/3,Рекон.,110000
2025-03-03,р-н,ул.Краста Зилупес 23,1,24,1/2,Спец. пр.,25500
2025-03-03,Кенгарагс,Пелну 2,2,38,1/5,Лит. пр.,29500
2025-03-03,Ильгюциемс,Лилияс 15A,2,45,3/5,Хрущ.,38000
2025-03-03,Зиепниеккалнс,Стерсту 13c,1,26,2/3,Нов.,79000
2025-03-03,Золитуде,Биезиня 10,3,75,5/10,119-я,70200
2025-03-03,центр,Томсона 33,2,44,1/5,Рекон.,79980
2025-03-03,Пурвциемс,Айнавас 2,2,37,4/5,Лит. пр.,50000
2025-03-03,Пурвциемс,Иерикю 23,2,58,3/3,Сталинка,73900
2025-03-03,центр,Томсона 33,2,42,1/5,Рекон.,81980
2025-03-03,р-он,ул. Латгалес Ломоносова 3,2,50,6/6,Дов. дом,50000
2025-03-03,центр,Миера 87a,4,112,3/5,Дов. дом,177000
2025-03-03,центр,Стабу 55,1,25,1/6,Дов. дом,17500
2025-03-03,центр,Алаукста 7,1,37,1/2,Рекон.,90000
2025-03-03,Гризинькалнс,Алаукста 7,3,82,1/2,Рекон.,230000
2025-03-03,центр,Лугажу 2a,2,40,3/5,Хрущ.,56000
2025-03-03,центр,Тербатас 93/95,2,53,5/5,Сталинка,105000
2025-03-03,Вецдаугава,Вецакю пр. 111A,3,45,2/2,Спец. пр.,58000
2025-03-03,Дарзциемс,Стопиню 14,4,107,1/5,Нов.,220000
2025-03-03,р-он,ул. Латгалес Краславас 21,1,33,3/4,Дов. дом,28500
2025-03-03,центр,Републикас пл. 3,3,106,2/8,Нов.,210000
2025-03-03,Ильгюциемс,Стурес 6,1,28,1/5,Лит. пр.,35900
2025-03-03,Саркандаугава,Саркандаугавас 26,2,41,2/5,Хрущ.,44990
2025-03-03,Иманта,Имантас 3A,2,49,5/5,Лит. пр.,40000
2025-03-03,Пурвциемс,Варавикснес Г. 20,3,62,5/9,602-я,73000
2025-03-03,Пурвциемс,Веявас 10,4,79,7/9,602-я,62000
2025-03-03,Тейка,Унияс 7a,1,25,1/2,Дов. дом,20000
2025-03-03,Чиекуркалнс,Чиекуркална 5 п. л. 1,2,41,1/2,Дов. дом,19000
2025-03-03,центр,Рупниецибас 9,2,62,6/6,Рекон.,175000
2025-03-03,центр,Валдемара 17,5,220,5/5,Рекон.,445000
2025-03-03,Тейка,Иерикю 11,2,45,1/2,Сталинка,58455
2025-03-03,центр,Валдемара 17,3,71,3/5,Рекон.,189800
2025-03-03,Плявниеки,Салнас 4,3,67,3/9,602-я,73000
2025-03-03,центр,Дунтес 34,4,100,3/7,Нов.,254900
2025-03-03,центр,Дунтес 34,2,47,3/7,Нов.,114900
2025-03-03,центр,Матиса 69,2,57,4/6,Нов.,124000
2025-03-03,Кенгарагс,Саласпилс 18,1,30,5/5,Лит. пр.,27500
2025-03-03,центр,Бривибас 161,2,43,4/5,Дов. дом,110000
2025-03-03,центр,Барона 23,3,73,2/5,Рекон.,123900
2025-03-03,Югла,Квелес 29,2,43,2/5,Лит. пр.,38300
2025-03-03,Кенгарагс,Плосту 24,1,30,3/5,Лит. пр.,33000
2025-03-03,Дрейлини,Валтера 1,2,50,1/9,Нов.,100600
2025-03-03,центр,Марияс 20,3,85,3/5,Дов. дом,165000
2025-03-03,Агенскалнс,Орманю 20,1,27,1/2,Рекон.,79700
2025-03-03,Плявниеки,Ю. Вациеша 2,1,33,6/9,602-я,57000
2025-03-03,Агенскалнс,Смильгя 9,2,41,3/4,Рекон.,93000
2025-03-03,центр,Гоголя 10,4,96,3/5,Дов. дом,149900
2025-03-03,Ильгюциемс,Риексту 7,1,39,2/5,М. сем.,23900
2025-03-03,Кенгарагс,Икшкилес 4,2,44,1/5,Лит. пр.,40000
2025-03-03,Плявниеки,Рембатес 10,4,95,7/10,Нов.,212800
2025-03-03,Иманта,Акацию 2F,4,72,1/9,Нов.,164315
2025-03-03,Золитуде,Грамздас 17,2,43,7/9,119-я,49000
2025-03-03,Тейка,Кегума 39,3,75,1/4,Нов.,192500
2025-03-03,Плявниеки,Купричу 1C,2,58,3/5,Нов.,130000
2025-03-03,Иманта,Клеисту 11,2,48,6/9,602-я,51000
2025-03-03,Пурвциемс,Унияс 37,3,70,5/5,Спец. пр.,83500
2025-03-03,центр,Таллинас 35C,2,48,5/5,Дов. дом,85000
2025-03-03,центр,Пулкв. Бриежа 15,2,37,3/7,Рекон.,94350
2025-03-03,центр,Сколас 14,4,113,2/6,Рекон.,330000
2025-03-03,Агенскалнс,Ранькя Д. 31,1,38,2/4,Рекон.,111805
2025-03-03,р-он,ул. Латгалес Резнас 10Б,2,48,4/5,Хрущ.,57000
2025-03-03,центр,Алукснес 1A,2,26,2/2,Дов. дом,14900
2025-03-03,Дарзциемс,Славу 15,3,64,6/9,602-я,89500
2025-03-03,центр,Бирзниека-Упиша 18a,6,77,1/5,Рекон.,170000
2025-03-03,Агенскалнс,М. Нометню 24,2,38,4/5,Нов.,103980
2025-03-03,Зиепниеккалнс,Озолциема 18,2,58,9/9,119-я,60000
2025-03-03,Вецмилгравис,Крейменю 5,2,39,5/5,Хрущ.,39000
2025-03-03,Зиепниеккалнс,Ливциема 9,2,57,1/7,Спец. пр.,55500
2025-03-03,Ильгюциемс,Балта 22,3,54,5/5,Лит. пр.,55000
2025-03-03,Агенскалнс,Кулдигас 39,2,83,1/5,Нов.,128000
2025-03-03,Чиекуркалнс,Саулкрасту 2 k-1,1,17,1/2,Сталинка,15000
2025-03-03,Иманта,Дубулту 18,2,49,8/9,602-я,45000
2025-03-03,Кливерсала,Кугю 26,2,86,1/5,Рекон.,390000
2025-03-03,Плявниеки,Деглава 164,2,53,8/10,602-я,67950
2025-03-03,Иманта,Анниньмуйжас 30,4,81,9/12,Спец. пр.,154000
2025-03-03,центр,Екаба 26,1,44,5/5,Дов. дом,118800
2025-03-03,Вецмилгравис,Домбровска 77,2,54,2/5,103-я,48000
2025-03-03,Золитуде,Золитудес 46,4,185,4/4,Нов.,224000
2025-03-03,Дарзциемс,Румбулас 14,3,61,3/5,Нов.,145500
2025-03-03,Золитуде,Золитудес 46,6,178,4/4,Нов.,210000
2025-03-03,Дарзциемс,Румбулас 14,2,37,2/5,Нов.,89000
2025-03-03,Пурвциемс,Дудаева Г. 4,2,50,3/5,Лит. пр.,66000
2025-03-03,Агенскалнс,Ранькя Д. 34,4,129,19/23,Нов.,522000
2025-03-03,Агенскалнс,М. Нометню 24,2,34,1/5,Рекон.,79400
2025-03-03,центр,Гертрудес 53,2,39,1/5,Дов. дом,45000
2025-03-03,центр,Чака 26,4,134,7/7,Рекон.,299000
2025-03-03,Золитуде,Лейиня 3,3,75,1/9,119-я,62900
2025-03-03,р-н,ул.Краста Радзиня набережная 29,3,73,5/6,Рекон.,133900
2025-03-03,Дарзциемс,Куправас 41,3,100,3/5,103-я,168000
2025-03-03,Иманта,Акацию 6,2,50,8/9,Нов.,110000
2025-03-03,Пурвциемс,Иерикю 20,1,20,3/3,Спец. пр.,17000
2025-03-03,Даугавгрива,Бирзес 10a,3,65,1/2,Сталинка,40000
2025-03-03,центр,Бирзниека-Упиша 10A,3,83,5/6,Рекон.,202500
2025-03-03,центр,Бирзниека-Упиша 10A,2,69,5/6,Рекон.,190000
2025-03-03,центр,Вагнера 2,4,169,5/5,Рекон.,386000
2025-03-03,Торнякалнс,Апшу 4,2,56,2/3,Рекон.,111200
2025-03-03,Пурвциемс,Веявас 3,2,46,1/2,Хрущ.,45000
2025-03-03,центр,Марияс 14,2,34,5/6,Рекон.,104160
2025-03-03,центр,Гростонас 9A,3,70,4/8,Нов.,309900
2025-03-03,центр,Гростонас 9B,2,32,4/8,Нов.,124900
2025-03-03,Агенскалнс,Кугю 28,3,134,1/6,Нов.,599000
2025-03-03,Ильгюциемс,Палангас 1,3,54,3/5,Лит. пр.,44000
2025-03-03,Дарзциемс,Страуту 25,1,42,3/5,М. сем.,30000
2025-03-03,центр,Матиса 101,2,44,5/6,Рекон.,100000
2025-03-03,Плявниеки,Деглава 108 k-6,4,91,6/9,119-я,78500
2025-03-03,центр,Я. Далиня 8,5,194,20/24,Нов.,625000
2025-03-03,Кенгарагс,Латгалес 265,2,38,4/5,Лит. пр.,35000
2025-03-03,Пурвциемс,Стирну 38,1,31,5/5,Лит. пр.,31000
2025-03-03,Иманта,Курземес пр. 40,2,49,1/5,Лит. пр.,39000
2025-03-03,Агенскалнс,Ауглю 11,4,90,2/5,103-я,130000
2025-03-03,центр,Звайгжню 21,1,27,4/6,Дов. дом,37100
2025-03-03,Болдерая,Гайгалас 23,1,39,4/5,Спец. пр.,23700
2025-03-03,Чиекуркалнс,Чиекуркална 5 п. л. 22,2,43,1/3,Рекон.,48000
2025-03-03,центр,Гертрудес 22,4,89,2/6,Дов. дом,275000
2025-03-03,Вецмилгравис,Вецмилгравья 1 л. 8,1,12,1/4,Сталинка,5500
2025-03-03,Вецмилгравис,Мелдру 28,2,37,4/5,Лит. пр.,37000
2025-03-03,Ильгюциемс,Дзирциема 31,1,36,10/12,Чеш. пр.,43000
2025-03-03,Зиепниеккалнс,Эбельмуйжас 24,2,53,2/9,602-я,43000
2025-03-03,Дрейлини,Каивас 48A,2,44,1/6,Нов.,106300
2025-03-03,центр,Гертрудес 103,2,52,1/6,Дов. дом,39300
2025-03-03,центр,Иерочу 6,2,33,1/2,Дов. дом,36700
2025-03-03,Кенгарагс,Славу 15,2,51,2/9,602-я,36500
2025-03-03,Вецрига,Екаба 26/28,4,119,2/5,Рекон.,195399
2025-03-03,Кенгарагс,Крустпилс 73k2,2,41,3/3,Хрущ.,20900
2025-03-03,Даугавгрива,Звиню 6,3,58,5/5,Спец. пр.,29900
2025-03-03,Вецмилгравис,Балтасбазницас 23,1,24,4/4,Хрущ.,32900
2025-03-03,центр,Гертрудес 113,2,42,5/5,Дов. дом,80000
2025-03-03,Вецмилгравис,Стиебру 7,1,43,4/5,М. сем.,33500
2025-03-03,Тейка,Бикерниеку 31,3,56,1/5,Хрущ.,100000
2025-03-03,Шампетерис-Плескодале,Залвес 42,2,42,2/3,Сталинка,56500
2025-03-03,центр,Артилерияс 66,2,42,2/2,Дов. дом,79000
2025-03-03,центр,Катринас Д. 22,2,48,2/4,Спец. пр.,82000
2025-03-03,Кенгарагс,Крустпилс 62,2,41,2/3,Спец. пр.,27000
2025-03-03,Агенскалнс,Мелнсила 14,2,43,2/3,Рекон.,138500
2025-03-03,центр,Экспорта 10,2,55,4/5,Сталинка,122000
2025-03-03,Кенгарагс,Рушону 24,2,41,4/5,Хрущ.,45000
2025-03-03,центр,Томсона 4,3,80,1/6,Рекон.,97000
2025-03-03,центр,Калькю 2,3,79,5/5,Дов. дом,150000
2025-03-03,Дарзциемс,Деглава 56B,3,56,2/2,Ч. дом,70000
2025-03-03,Биерини,Лиепаяс 37c,4,84,2/4,Нов.,224800
2025-03-03,центр,Матиса 48,2,50,2/2,Дов. дом,72000
2025-03-03,Плявниеки,Тинужу 12,1,32,7/9,467-я,34500
2025-03-03,р-н,ул.Краста Зилупес 24,2,49,9/9,467-я,36500
2025-03-03,Чиекуркалнс,Гауяс 37,1,28,2/3,Дов. дом,35000
2025-03-03,Даугавгрива,Бирзес 34,3,67,1/5,103-я,59840
2025-03-03,Даугавгрива,Бирзес 26,2,49,4/12,Спец. пр.,53000
2025-03-03,Дзегужкалнс,Уденс 12,3,107,3/5,Нов.,190000
2025-03-03,Мангальсала,Тралеру 19,4,82,4/5,Спец. пр.,63000
2025-03-03,Зиепниеккалнс,Картупелю 31,2,46,2/2,Спец. пр.,45000
2025-03-03,центр,Ханзас 4,2,54,5/7,Дов. дом,85000
2025-03-03,Агенскалнс,Мукусалас 29,2,53,2/4,Нов.,147000
2025-03-03,Агенскалнс,Мукусалас 29,2,30,2/4,Рекон.,105000
2025-03-03,р-н,ул.Краста Ритупес 29,3,74,1/3,Сталинка,65000
2025-03-03,центр,Госпиталю 23,3,131,5/7,Нов.,295000
2025-03-03,Саркандаугава,Хапсалас 1/1,2,64,5/8,Нов.,89500
2025-03-03,центр,Валмиерас 20,3,60,1/2,Дов. дом,106000
2025-03-03,Кенгарагс,Малтас 15,2,44,5/5,Лит. пр.,37000
2025-03-03,Иманта,Имантас 4a,1,28,5/5,Лит. пр.,29000
2025-03-03,Плявниеки,Салнас 20,2,51,5/9,602-я,50000
2025-03-03,центр,Гертрудес 62,2,30,5/6,Дов. дом,58900
2025-03-03,Иманта,Анниньмуйжас 38k1,2,64,3/16,Нов.,105598
2025-03-03,Плявниеки,Улброкас 7,3,80,11/12,104-я,117698
2025-03-03,Вецмилгравис,Мелидас 2,1,43,1/5,М. сем.,23000
2025-03-03,центр,Републикас пл. 3,3,125,4/8,Нов.,350000
2025-03-03,Пурвциемс,Деглава 108 k-6,4,91,6/9,119-я,78500
2025-03-03,Пурвциемс,Бранткална 3,1,43,7/9,119-я,44790
2025-03-03,Ильгюциемс,Лилияс 17А,2,42,4/5,Хрущ.,35000
2025-03-03,Агенскалнс,Марупес 23,1,292,1/5,103-я,42000
2025-03-03,Дарзциемс,Ницгалес 46,3,62,5/9,602-я,75000
2025-03-03,Пурвциемс,Стайцелес 1k-2,2,49,1/9,602-я,54800
2025-03-03,Кенгарагс,Латгалес 268/6,2,45,5/5,Хрущ.,37999
2025-03-03,Золитуде,Грамздас 82,2,65,1/4,Нов.,106000
2025-03-03,Зиепниеккалнс,Озолциема 14/1,1,34,1/10,Нов.,56000
2025-03-03,Волери,Волеру 17,2,45,1/1,Спец. пр.,5000
2025-03-03,Ильгюциемс,Буллю 42B,3,77,10/10,119-я,79700
2025-03-03,Кенгарагс,Латгалес 222,3,62,2/9,467-я,76800
2025-03-03,центр,Лачплеша 51,3,63,5/6,Дов. дом,225000
2025-03-03,Шкиротава,Дзиркалю 24,1,17,3/3,Хрущ.,18000
2025-03-03,Тейка,Раунас 45,2,43,4/4,Хрущ.,46000
2025-03-03,центр,Томсона 25 K-1,2,42,1/5,Хрущ.,57000
2025-03-03,Межциемс,Веца Бикерниеку 15,4,117,1/4,Нов.,237000
2025-03-03,центр,Зирню 5,2,50,3/9,467-я,62000
2025-03-03,Вецмилгравис,Стиебру 3,1,42,1/5,М. сем.,34000
2025-03-03,Яунциемс,Яунциема Г. 182,1,30,5/5,Хрущ.,29000
2025-03-03,центр,Пулкв. Бриежа 11/13,3,63,1/6,Дов. дом,134500
2025-03-03,Шампетерис-Плескодале,Стендес 7 kor2,2,48,2/3,Хрущ.,40000
2025-03-03,центр,Тербатас 33/35,3,81,6/6,Рекон.,240000
2025-03-03,Пурвциемс,Буртниеку 35,1,17,3/4,М. сем.,14000
2025-03-03,Биерини,Энгурес 5,2,97,2/2,Дов. дом,80000
2025-03-03,центр,Чака 134,3,135,6/7,Нов.,266000
2025-03-03,Пурвциемс,Астрас 8k1,1,40,1/23,Нов.,85000
2025-03-03,центр,Бирзниека-Упиша 29,3,77,2/5,Рекон.,115000
2025-03-03,Межциемс,Юглас 130,3,55,4/5,Нов.,137225
2025-03-03,Зиепниеккалнс,Брукнас 12,3,77,9/10,119-я,90000
2025-03-03,центр,Аугшиела 8,2,30,6/6,Рекон.,55950
2025-03-03,Тейка,Бривибас 201,1,37,2/5,Нов.,72900
2025-03-03,Тейка,Бривибас 201,3,86,3/5,Нов.,179500
2025-03-03,Тейка,Бривибас 201,3,66,2/5,Нов.,118900
2025-03-03,Тейка,Бривибас 201,4,80,2/5,Нов.,139900
2025-03-03,центр,Таллинас 61,3,66,2/4,Дов. дом,155000
2025-03-03,центр,Барона 70,3,58,2/3,Дов. дом,89000
2025-03-03,Чиекуркалнс,Скултес 5,2,37,1/3,Рекон.,65800
2025-03-03,центр,Блауманя 26,3,85,5/5,Дов. дом,225000
2025-03-03,Югла,Силциема 15 к-3,2,45,1/5,Хрущ.,36000
2025-03-03,центр,Томсона 30,3,151,8/10,Нов.,225000
2025-03-03,центр,Гертрудес 24,3,82,2/5,Рекон.,175000
2025-03-03,Пурвциемс,Ницгалес 4,3,61,2/9,602-я,80000
2025-03-03,центр,Стрелниеку 1B,6,160,2/5,Дов. дом,333225
2025-03-03,Дарзциемс,Какю 4,3,84,1/4,Нов.,137000
2025-03-03,центр,Марияс 14A,1,19,6/6,Рекон.,65450
2025-03-03,Агенскалнс,Слокас 61,3,88,3/3,Нов.,229000
2025-03-03,центр,Лабораторияс 3,3,59,4/5,Рекон.,152500
2025-03-03,центр,Лабораторияс 3,2,43,1/5,Рекон.,99800
2025-03-03,Вецрига,Смилшу 14,2,53,2/5,Дов. дом,137000
2025-03-03,центр,Лачплеша 129,3,74,3/5,Дов. дом,164000
2025-03-03,Даугавгрива,Лепью 5,3,56,5/5,Спец. пр.,36800
2025-03-03,центр,Лачплеша 129,3,74,3/5,Дов. дом,164000
2025-03-03,центр,Таллинас 35,2,47,5/5,Дов. дом,85000
2025-03-03,Иманта,Даммес 33,1,28,2/5,Лит. пр.,38000
2025-03-03,Иманта,Анниньмуйжас 38,3,82,11/16,Нов.,165000
2025-03-03,Тейка,Бривибас 229,1,29,5/5,Сталинка,29000
2025-03-03,Саркандаугава,Патверсмес 6,1,31,1/2,Дов. дом,18000
2025-03-03,р-н,ул.Краста Латгалес 65,1,30,2/5,Спец. пр.,44500
2025-03-03,центр,Алаукста 7,2,33,2/2,Рекон.,140000
2025-03-03,Торнякалнс,Торнякална 2,4,79,2/5,Нов.,220000
2025-03-03,Торнякалнс,Торнякална 2,3,65,2/5,Нов.,165000
2025-03-03,Зиепниеккалнс,Озолциема 8,1,32,1/9,Спец. пр.,35500
2025-03-03,центр,Алберта 1,5,187,4/5,Рекон.,795000
2025-03-03,центр,Бруниниеку 93c,1,30,1/2,Рекон.,79000
2025-03-03,Золитуде,Ростокас 58,2,58,7/7,119-я,68000
2025-03-03,центр,Алаукста 7,4,85,1/4,Рекон.,250000
2025-03-03,Иманта,Курземес пр. 164,3,62,4/9,602-я,52700
2025-03-03,центр,Чака 30a,2,39,3/7,Рекон.,125000
2025-03-03,центр,Рупниецибас 50,3,95,4/7,Рекон.,280000
2025-03-03,Саркандаугава,Виестура пр. 77,2,46,5/5,103-я,35000
2025-03-03,Межциемс,Кайвас 29/3,3,90,4/4,Нов.,216900
2025-03-03,центр,Авоту 64a,2,49,2/2,Дов. дом,44000
2025-03-03,Шампетерис-Плескодале,Лиелирбес 11,2,69,13/26,Нов.,134500
2025-03-03,центр,Пушкина 17/2,3,85,4/6,Дов. дом,122950
2025-03-03,Тейка,Кастранес 2a,2,43,3/3,Рекон.,60000
2025-03-03,Болдерая,Лиела 59,1,36,2/5,Спец. пр.,30000
2025-03-03,Зиепниеккалнс,Баускас 15,1,43,2/5,М. сем.,39900
2025-03-03,Вецмилгравис,Мелидас 11,3,60,8/9,467-я,79999
2025-03-03,Кипсала,Баласта Д. 72,2,97,1/4,Спец. пр.,280000
2025-03-03,центр,Валдемара 83,2,35,5/7,Рекон.,86000
2025-03-03,Саркандаугава,Тилта 5,2,57,2/4,Дов. дом,70550
2025-03-03,Иманта,Викснес 21,4,160,6/7,Нов.,245000
2025-03-03,Дзегужкалнс,Вирцавас 9,3,62,4/5,Лит. пр.,54000
2025-03-03,центр,Марияс 14A,1,20,4/6,Рекон.,54440
2025-03-03,Плявниеки,Земес 7,3,62,2/9,602-я,60900
2025-03-03,центр,Тербатас 97,2,44,4/6,Дов. дом,86000
2025-03-03,Чиекуркалнс,Эзермалас 4,2,19,5/5,Рекон.,26358
2025-03-03,Югла,М. Юглас 3a,4,176,3/4,Нов.,230000
2025-03-03,Межапарк,Эзермалас 4,2,28,1/5,Рекон.,38088
2025-03-03,Кенгарагс,Прушу 19/2,2,41,4/4,Хрущ.,48000
2025-03-03,Межапарк,Тилта 1,3,93,3/3,Дов. дом,86000
2025-03-03,Вецмилгравис,Крейменю 5,2,52,4/5,Спец. пр.,47000
2025-03-03,р-он,ул. Латгалес Саласпилс 2,2,47,3/5,Лит. пр.,43000
2025-03-03,Мангали,Эзера 19,1,24,2/2,Дов. дом,16000
2025-03-03,центр,Лачплеша 36,2,45,6/6,Рекон.,86500
2025-03-03,центр,Цесу 30,2,34,1/4,Дов. дом,27000
2025-03-03,центр,Томсона 30,4,105,3/9,Нов.,230000
2025-03-03,центр,Дунтес 28,6,262,15/15,Нов.,299000
2025-03-03,Тейка,Бривибас 281,3,74,5/6,Спец. пр.,115000
2025-03-03,Дарзциемс,Зелтиню 54,1,43,3/5,М. сем.,34000
2025-03-03,Мангальсала,Тралеру 19,3,63,3/5,103-я,60000
2025-03-03,Тейка,Апес 10,3,68,2/3,Дов. дом,128000
2025-03-03,центр,Пушкина 1,2,47,4/6,Рекон.,65380
2025-03-03,центр,Таллинас 41/43,1,31,1/2,Дов. дом,25000
2025-03-03,р-он,ул. Латгалес Лудзас 36 k-1,2,49,1/5,Дов. дом,41550
2025-03-03,Ильгюциемс,Скодас 4,2,50,5/5,Лит. пр.,45000
2025-03-03,Ильгюциемс,Саулгожу 2,3,55,5/5,Лит. пр.,41500
2025-03-03,Кенгарагс,Расас 4,2,51,4/5,Лит. пр.,37000
2025-03-03,р-н,ул.Краста Латгалес 222c,3,61,8/9,467-я,78500
2025-03-03,Межциемс,Бикерниеку 220,2,46,5/5,103-я,40000
2025-03-03,Брекши,Бикерниеку 220,2,46,5/5,103-я,40000
2025-03-03,Иманта,Курземес пр. 84,2,51,7/9,602-я,38000
2025-03-03,центр,Бирзниека-Упиша 23,4,94,1/3,Дов. дом,99870
2025-03-03,Тейка,Ропажу 22,3,53,3/5,Хрущ.,79000
2025-03-03,Кенгарагс,Аглонас 2,2,52,3/12,Чеш. пр.,59000
2025-03-03,центр,Матиса 101,1,14,1/5,Рекон.,29000
2025-03-03,центр,Пернавас 14,1,30,4/5,Хрущ.,46500
2025-03-03,Иманта,Анниньмуйжас 41,2,68,22/23,Нов.,139500
2025-03-03,Пурвциемс,Жагату 20a,2,49,2/9,602-я,43500
2025-03-03,Агенскалнс,Зеллю 13,3,57,2/4,Рекон.,160720
2025-03-03,Агенскалнс,Кулдигас 10,3,60,1/2,Рекон.,134000
2025-03-03,Агенскалнс,Пукю 6,3,65,1/3,Рекон.,165888
2025-03-03,Пурвциемс,Пуцес 21k-1,2,42,2/2,Сталинка,58000
2025-03-03,Чиекуркалнс,Русова 26,1,43,5/5,М. сем.,64500
2025-03-03,Вецрига,Вецпилсетас 5,-,283,5/6,Рекон.,365000
2025-03-03,центр,Бруниниеку 121,3,55,1/5,Рекон.,104000
2025-03-03,центр,Бривибас 68,-,250,5/5,Дов. дом,562500
2025-03-03,Агенскалнс,Бишу 17,1,34,2/3,Дов. дом,24000
2025-03-03,Вецмилгравис,Мелидас 2,1,43,5/5,М. сем.,43000
2025-03-03,Саркандаугава,Софияс 4,2,47,1/5,Хрущ.,43000
2025-03-03,Агенскалнс,Кулдигас 45A,2,57,3/3,Дов. дом,22000
2025-03-03,центр,Матиса 101,1,29,2/5,Рекон.,66000
2025-03-03,Дрейлини,Каивас 48A,2,47,6/6,Нов.,121200
2025-03-03,Дрейлини,Каивас 48A,3,59,1/6,Нов.,158600
2025-03-03,Межциемс,Кайвас 50,2,50,1/5,Нов.,100000
2025-03-03,центр,Авоту 65a,1,20,1/2,Спец. пр.,18950
2025-03-03,центр,Эвелес 5,1,22,2/2,Дов. дом,14500
2025-03-03,р-он,ул. Латгалес Даугавпилс 41,1,24,3/5,Сталинка,19500
2025-03-03,Вецмилгравис,Вийолишу 6,1,43,3/5,М. сем.,26000
2025-03-03,Шкиротава,Дзиркалю 24,2,25,2/3,Хрущ.,13000
2025-03-03,Пурвциемс,Жагату 7,3,78,8/9,Нов.,185000
2025-03-03,Агенскалнс,Ранькя Д. 34,3,93,13/23,Нов.,360000
2025-03-03,Засулаукс,Тапешу 19,3,58,4/5,Хрущ.,97000
2025-03-03,центр,Дзирнаву 132,1,36,2/6,Дов. дом,75300
2025-03-03,Межциемс,Кайвас 33 k-1,4,118,3/4,Нов.,271500
2025-03-03,центр,Элизабетес 9,3,70,5/5,Дов. дом,222000
2025-03-03,центр,Блауманя 27,4,140,5/5,Дов. дом,199000
2025-03-03,Саркандаугава,Лимбажу 11,2,41,4/5,Хрущ.,47900
2025-03-03,Кенгарагс,Латгалес 421,1,31,3/5,Лит. пр.,31500
2025-03-03,Саркандаугава,Аптиекас 6,2,46,3/5,Сталинка,50000
2025-03-03,Кенгарагс,Латгалес 260 k-3,1,35,5/5,Лит. пр.,24500
2025-03-03,центр,Меркеля 17,2,38,2/4,Дов. дом,155000
2025-03-03,Межциемс,Хипократа 13,2,57,16/16,104-я,93900
2025-03-03,Вецмилгравис,Мелдру 18,3,62,2/5,Лит. пр.,53800
2025-03-03,Плявниеки,Грестес 12,3,62,1/7,602-я,63000
2025-03-03,Плявниеки,Улброкас 7,1,50,8/12,104-я,59900
2025-03-03,Торнякалнс,Дикя 2,2,52,1/2,Дов. дом,60000
2025-03-03,Торнякалнс,Акменю 15,1,28,2/6,Дов. дом,55999
2025-03-03,центр,Базницас 13,1,18,1/5,Дов. дом,15700
2025-03-03,Зиепниеккалнс,М. Стерсту 6,4,71,1/4,Нов.,165900
2025-03-03,центр,Авоту 46a,2,49,2/5,Рекон.,120456
2025-03-03,Зиепниеккалнс,М. Стерсту 6,2,48,2/5,Нов.,124900
2025-03-03,Зиепниеккалнс,М. Стерсту 6,3,64,3/5,Нов.,161900
2025-03-03,Зиепниеккалнс,Баускас 97,4,98,2/5,Нов.,219900
2025-03-03,Тейка,Берзпилс 7,3,52,1/5,Хрущ.,90000
2025-03-03,Межциемс,Бикерниеку 160,3,86,2/4,Нов.,176000
2025-03-03,Югла,Мурьяню 54,2,42,3/5,Лит. пр.,45000
2025-03-03,Золитуде,Лиедес 2,3,102,2/3,Нов.,169000
2025-03-03,центр,Бривибас 183-1,3,74,5/6,Рекон.,142000
2025-03-03,Югла,Юглас 43,2,46,3/5,Лит. пр.,39900
2025-03-03,центр,Госпиталю 23,3,129,4/7,Нов.,287500
2025-03-03,Межциемс,Гайльэзера 6,3,62,8/9,602-я,52000
2025-03-03,Зиепниеккалнс,Брукнас 8,3,77,7/10,119-я,88000
2025-03-03,Межциемс,Гайльэзера 13,3,87,9/4,Нов.,225000
2025-03-03,Кипсала,Баласта Д. 70,3,199,3/3,Рекон.,460000
2025-03-03,центр,Пулкв. Бриежа 15,2,44,2/7,Рекон.,130500
2025-03-03,р-н,ул.Краста Латгалес 177,2,55,5/6,Дов. дом,43000
2025-03-03,Кенгарагс,Аглонас 33,3,54,2/5,Хрущ.,60000
2025-03-03,центр,Экспорта 2а,3,70,1/5,Сталинка,80000
2025-03-03,Югла,Мурьяню 54,2,42,3/5,Лит. пр.,45000
2025-03-03,центр,Гоголя 7,2,88,3/5,Дов. дом,167500
2025-03-03,Пурвциемс,Бранткална 13,2,61,3/9,119-я,60000
2025-03-03,Кенгарагс,Латгалес 268,2,48,5/5,Лит. пр.,36000
2025-03-03,Торнякалнс,Елгава 63,2,66,1/6,Нов.,98000
2025-03-03,Тейка,Вийциема 8,2,31,3/4,Нов.,73470
2025-03-03,Чиекуркалнс,Чиекуркална 7 п. л. 7A,2,31,2/4,Нов.,73470
2025-03-03,Межапарк,Гауяс 63,2,31,3/4,Нов.,73470
2025-03-03,Межапарк,Эзермалас 4,2,27,5/5,Спец. пр.,75000
2025-03-03,Пурвциемс,Вайдавас 8,2,42,2/5,Хрущ.,49900
2025-03-03,Золитуде,Анниньмуйжас 7,1,53,6/13,Нов.,83000
2025-03-03,Чиекуркалнс,Тераудлиетувес 16,1,22,1/2,Дов. дом,25500
2025-03-03,Тейка,Ропажу 19,1,26,3/3,Дов. дом,41500
2025-03-03,Биерини,Лиепаяс 37C,3,69,4/4,Нов.,174400
2025-03-03,Биерини,Лиепаяс 37C,2,48,4/4,Нов.,123500
2025-03-03,Катлакалнс,Баускас 207,3,60,2/9,Рекон.,83900
2025-03-03,центр,Заля 7,2,63,2/4,Дов. дом,120000
2025-03-03,Яунциемс,Яунциема Г. 182,1,29,4/5,Хрущ.,27500
2025-03-03,Плявниеки,Дравниеку 3 K-1,4,86,6/10,Нов.,174165
2025-03-03,Плявниеки,Дравниеку 3,3,68,9/10,Нов.,146890
2025-03-03,центр,Аспазияс бульв. 30,3,75,4/6,Рекон.,129900
2025-03-03,Кенгарагс,Крустпилс 75,2,41,1/3,Хрущ.,30000
2025-03-03,Плявниеки,Дравниеку 12,1,41,8/9,М. сем.,29900
2025-03-03,Ильгюциемс,Лидоню 5,2,50,2/5,Лит. пр.,41999
2025-03-03,р-н,ул.Краста Латгалес 121,3,47,2/6,Рекон.,79000
2025-03-03,Кенгарагс,Латгалес 121,3,57,4/6,Рекон.,89000
2025-03-03,Кенгарагс,Латгалес 121,3,47,2/6,Рекон.,79000
2025-03-03,Саркандаугава,Виестура пр. 59,1,35,7/9,Спец. пр.,28300
2025-03-03,Иманта,Курземес пр. 110,2,50,3/9,602-я,65000
2025-03-03,Агенскалнс,Марупес 21,1,29,5/5,Спец. пр.,42000
2025-03-03,Зиепниеккалнс,Валдекю 60K3,2,50,6/9,602-я,50900
2025-03-03,р-он,ул. Латгалес Латгалес 131,3,134,4/4,Дов. дом,159000
2025-03-03,Тейка,Раунас 20a,2,42,4/4,Хрущ.,78000
2025-03-03,Гризинькалнс,Пернавас 56,1,25,2/3,Дов. дом,28000
2025-03-03,центр,Валмиерас 28,3,90,3/5,Нов.,180000
2025-03-03,Дарзциемс,Страуту 27,2,42,1/5,М. сем.,79800
2025-03-03,Межциемс,Кайвас 29,3,118,1/4,Нов.,225000
2025-03-03,центр,Иерочу 6,1,16,1/2,Дов. дом,10180
2025-03-03,Засулаукс,Бартас 1,1,17,2/2,Дов. дом,18000
2025-03-03,Плявниеки,Ясмуйжас 2,1,32,1/9,602-я,29000
2025-03-03,Зиепниеккалнс,Картупелю 56,2,48,2/3,Спец. пр.,53000
2025-03-03,Чиекуркалнс,Чиекуркална 1 л. 17,1,25,2/3,Дов. дом,14700
2025-03-03,центр,Дзирнаву 171,2,39,2/2,Дов. дом,17880
2025-03-03,р-он,ул. Латгалес Ликснас 20A,1,23,2/3,Дов. дом,9980
2025-03-03,Агенскалнс,Алтонавас 9,1,33,2/2,Дов. дом,22000
2025-03-03,Агенскалнс,Кристапа 10,1,18,1/4,Дов. дом,22880
2025-03-03,Тейка,Ропажу 93,1,29,2/2,Дов. дом,15980
2025-03-03,Зиепниеккалнс,Ислицес 1,1,42,3/7,119-я,41100
2025-03-03,центр,Гоголя 7,3,89,4/4,Дов. дом,135000
2025-03-03,Вецмилгравис,Сниега 4,2,50,1/2,Спец. пр.,42500
2025-03-03,центр,Ганибу Д. 11,4,89,6/6,Нов.,320000
2025-03-03,Пурвциемс,Вайдавас 2/4,2,42,2/5,Хрущ.,34000
2025-03-03,Тейка,Ропажу 14,4,91,6/10,Нов.,245000
2025-03-03,Кенгарагс,Локомотивес 78,2,45,4/5,Лит. пр.,38000
2025-03-03,Агенскалнс,Рододендру 12,1,31,1/5,Хрущ.,39500
2025-03-03,Плявниеки,Салнас 32,2,52,6/9,602-я,62000
2025-03-03,Пурвциемс,Кегума 45,1,42,3/5,М. сем.,34000
2025-03-03,Саркандаугава,Виестура пр. 33,1,35,8/9,Спец. пр.,31500
2025-03-03,центр,Я. Далиня 4,1,30,5/6,Хрущ.,45500
2025-03-03,Кенгарагс,Латгалес 268 k-4,1,30,4/5,Хрущ.,27900
2025-03-03,Иманта,Слокас 175,2,38,5/5,Лит. пр.,42000
2025-03-03,Плявниеки,Руденс 9,2,51,1/9,602-я,48000
2025-03-03,Пурвциемс,Унияс 60,2,39,4/5,Лит. пр.,38500
2025-03-03,Югла,Бривибас 387,2,27,3/3,Дов. дом,18500
2025-03-03,Кенгарагс,Латгалес 260,2,46,1/5,Лит. пр.,58000
2025-03-03,Иманта,Анниньмуйжас 38/1,1,49,10/18,Нов.,90000
2025-03-03,Пурвциемс,Ницгалес 53,2,50,1/2,Хрущ.,58500
2025-03-03,Вецрига,М. Смилшу 13,2,33,3/4,Дов. дом,69900
2025-03-03,р-он,ул. Латгалес Краславас 14,3,55,6/6,Нов.,128000
2025-03-03,центр,Лачплеша 110,3,55,6/6,Нов.,128000
2025-03-03,центр,Латгалес 121,3,57,4/6,Рекон.,89000
2025-03-03,Вецаки,Вецакю пр. 191,3,103,1/4,Нов.,170000
2025-03-03,Кенгарагс,Латгалес 305,3,66,2/5,Лит. пр.,48000
2025-03-03,центр,Дзирнаву 62,5,134,4/5,Дов. дом,231000
2025-03-03,Агенскалнс,Ауглю 12,1,23,2/2,Дов. дом,29900
2025-03-03,Межциемс,Гайльэзера 4,3,64,8/9,602-я,63000
2025-03-03,р-он,ул. Латгалес Ерсикас 21,3,57,4/6,Рекон.,89000
2025-03-03,р-он,ул. Латгалес Ерсикас 21,3,47,2/6,Рекон.,79000
2025-03-03,Пурвциемс,Калснавас 2C,2,60,2/12,104-я,67500
2025-03-03,центр,Таллинас 30,3,82,2/4,Дов. дом,142000
2025-03-03,Саркандаугава,Хапсалас 1/3,2,56,1/4,Сталинка,34700
2025-03-03,Тейка,Ропажу 50,2,50,1/4,Сталинка,64700
2025-03-03,Пурвциемс,Унияс 70,1,32,4/5,Лит. пр.,32000
2025-03-03,центр,Марияс 20a,3,81,4/5,Рекон.,145000
2025-03-03,Торнякалнс,Баускас 15,1,43,2/5,М. сем.,39900
2025-03-03,р-он,ул. Латгалес Даугавпилс 46,2,39,2/2,Дов. дом,22000
2025-03-03,Агенскалнс,Зелмайшу 15,2,46,2/6,Нов.,119900
2025-03-03,Агенскалнс,Зелмайшу 15,3,61,3/6,Нов.,159800
2025-03-03,Пурвциемс,Дзелзавас 104,2,44,4/8,Нов.,104900
2025-03-03,Пурвциемс,Дзелзавас 104,3,60,4/7,Нов.,151300
2025-03-03,Агенскалнс,Зелмайшу 15,4,80,1/6,Нов.,198100
2025-03-03,центр,Чака 72,2,34,4/4,Дов. дом,91000
2025-03-03,Торнякалнс,Вея 33,3,67,2/3,Нов.,174200
2025-03-03,Торнякалнс,Вея 33,2,52,2/3,Нов.,134200
2025-03-03,Торнякалнс,Вея 33,3,61,1/3,Нов.,157000
2025-03-03,Агенскалнс,Вея 33,2,52,2/3,Нов.,134200
2025-03-03,Агенскалнс,Вея 33,3,67,3/3,Нов.,174900
2025-03-03,Зиепниеккалнс,Баускас 14,3,61,2/3,Нов.,158900
2025-03-03,Зиепниеккалнс,Баускас 14,2,52,1/3,Нов.,132000
2025-03-03,Саркандаугава,Алекша 11,1,21,3/4,Дов. дом,11990
2025-03-03,Болдерая,Лиелупес 1-k-13,2,54,3/5,Спец. пр.,48000
2025-03-03,центр,Базницас 45,2,43,3/5,Дов. дом,91800
2025-03-03,центр,Пулкв. Бриежа 15,4,111,4/7,Рекон.,354240
2025-03-03,центр,Пулкв. Бриежа 15,2,71,2/7,Рекон.,174685
2025-03-03,Иманта,Анниньмуйжас 38k3,3,82,10/18,Нов.,155000
2025-03-03,Ильгюциемс,Риексту 16,2,50,2/5,Лит. пр.,52500
2025-03-03,Тейка,Бривибас 201,2,50,3/5,Нов.,79500
2025-03-03,Тейка,Бривибас 201,1,38,5/5,Нов.,81900
2025-03-03,Тейка,Бривибас 201,3,64,3/5,Нов.,118900
2025-03-03,Тейка,Бривибас 201,3,81,2/5,Нов.,162900
2025-03-03,центр,Аугшиела 8,2,30,3/6,Дов. дом,51500
2025-03-03,Пурвциемс,Мадонас 23,1,53,9/18,Спец. пр.,50000
2025-03-03,Чиекуркалнс,Чиекуркална 4 п. л. 12,1,42,2/10,Спец. пр.,42800
2025-03-03,центр,Аугшиела 8,2,34,2/6,Рекон.,61250
2025-03-03,Плявниеки,Сахарова 27,3,72,16/16,Спец. пр.,82000
2025-03-03,центр,Садовникова 21,2,47,2/6,Рекон.,79000
2025-03-03,центр,Лачплеша 72,3,58,2/2,Дов. дом,68000
2025-03-03,центр,Садовникова 21,3,47,2/6,Рекон.,79000
2025-03-03,центр,Латгалес 121,3,57,4/6,Рекон.,89000
2025-03-03,Вецрига,Пейтавас 5,3,91,3/5,Дов. дом,169000
2025-03-03,Мангали,Эзера 5A,1,24,2/2,Дов. дом,12000
2025-03-03,Пурвциемс,Марса Г. 6,2,49,1/5,Лит. пр.,46000
2025-03-03,Дарзциемс,Какю 4,3,67,4/4,Нов.,125000
2025-03-03,р-он,ул. Латгалес Ерсикас 21A,3,47,2/6,Дов. дом,79000
2025-03-03,центр,Блауманя 6,3,120,5/5,Дов. дом,260000
2025-03-03,Пурвциемс,Астрас 1 k-8,2,75,18/24,Нов.,195000
2025-03-03,центр,Алаукста 7,2,46,4/4,Рекон.,138000
2025-03-03,центр,Валдемара 56,2,47,2/4,Дов. дом,80000
2025-03-03,центр,Гертрудес 71,3,75,6/6,Дов. дом,145000
2025-03-03,Шкиротава,Гравас 17,3,100,1/5,Нов.,110000
2025-03-03,Иманта,Имантас 2,2,49,3/5,Лит. пр.,54000
2025-03-03,центр,Рупниецибас 21,3,94,2/7,Нов.,295000
2025-03-03,центр,Рупниецибас 21,2,74,2/7,Спец. пр.,235000
2025-03-03,Пурвциемс,Дзелзавас 65,4,76,9/9,467-я,85000
2025-03-03,центр,Красотаю 6A,3,91,1/2,Дов. дом,85000
2025-03-03,Кенгарагс,Прушу 40,2,46,2/4,Хрущ.,35900
2025-03-03,Дарзциемс,Лубанас 56A,3,63,6/9,602-я,52000
2025-03-03,Межциемс,Эйзенштейна 41,2,51,3/9,602-я,45000
2025-03-03,Плявниеки,Деглава 126,2,60,3/9,119-я,59700
2025-03-03,Кенгарагс,Латгалес 285 k-3,3,60,4/5,Лит. пр.,45000
2025-03-03,Иманта,М. Круму 9,2,51,5/9,602-я,44000
2025-03-03,Тейка,Вийциема 8,1,19,2/4,Рекон.,49478
2025-03-03,Межапарк,Гауяс 63,1,19,2/4,Нов.,43710
2025-03-03,Ильгюциемс,Буллю 42А,1,44,9/9,119-я,47800
2025-03-03,Плявниеки,Салнас 24,1,39,2/5,М. сем.,29900
2025-03-03,центр,Стругу 3,4,130,3/4,Дов. дом,149000
2025-03-03,Торнякалнс,Неретас 2,2,60,1/8,Нов.,72500
2025-03-03,Межциемс,Эйзенштейна 47a,3,68,6/10,Нов.,158900
2025-03-03,Плявниеки,Деглава 174,3,63,3/4,Нов.,158500
2025-03-03,Дрейлини,Валтера 1,4,79,3/9,Нов.,166400
2025-03-03,Плявниеки,Деглава 174,4,80,2/4,Нов.,193700
2025-03-03,Плявниеки,Деглава 174,4,73,1/4,Нов.,159900
2025-03-03,Плявниеки,Деглава 174,2,50,2/4,Нов.,115500
2025-03-03,Дрейлини,Валтера 1,3,78,3/4,Нов.,173600
2025-03-03,Гризинькалнс,Звайгжню 21,1,24,3/6,Дов. дом,29952
2025-03-03,Биерини,Друсту 1A-2,3,63,1/2,Ч. дом,62500
2025-03-03,Гризинькалнс,Звайгжню 21,1,22,3/6,Дов. дом,30520
2025-03-03,Пурвциемс,Дзелзавас 104,3,58,6/8,Нов.,138300
2025-03-03,Даугавгрива,Парадес 1,3,67,3/5,103-я,52000
2025-03-03,р-он,ул. Латгалес Католю 9k4,2,37,3/5,Дов. дом,39500
2025-03-03,Плявниеки,Павасара г. 4,3,62,1/9,602-я,79000
2025-03-03,Чиекуркалнс,Саулкрасту 2-4,1,21,2/2,Сталинка,20000
2025-03-03,Югла,Квелес 24,1,34,3/12,Спец. пр.,44400
2025-03-03,Тейка,Кегума 39,3,74,1/4,Нов.,189000
2025-03-03,Зиепниеккалнс,Берзупес 13,3,57,1/5,Лит. пр.,55000
2025-03-03,Зиепниеккалнс,Валдекю 55,2,58,4/10,119-я,75000
2025-03-03,Межциемс,Кайвас 50 k-1,3,76,5/5,Нов.,174000
2025-03-03,центр,Виландес 5,3,102,2/5,Рекон.,199000
2025-03-03,центр,Гертрудес 93,3,66,2/5,Дов. дом,112000
2025-03-03,центр,Гану 6,3,74,1/7,Дов. дом,163000
2025-03-03,Вецмилгравис,Мелдру 28,2,51,5/5,Лит. пр.,31500
2025-03-03,Плявниеки,Дзеню 10,1,32,6/9,602-я,40000
2025-03-03,центр,Ханзас 4,4,139,4/6,Дов. дом,310000
2025-03-03,р-н,ул.Краста Коюсалас 25,1,25,2/3,Рекон.,39000
2025-03-03,Чиекуркалнс,Чиекуркална 3 п. л. 25,3,73,7/9,103-я,100000
2025-03-03,Вецрига,Грециниеку 22,5,229,3/5,Дов. дом,550000
2025-03-03,Чиекуркалнс,Русова 7,2,49,5/9,Нов.,125000
2025-03-03,р-он,ул. Латгалес Екабпилс 4,2,34,4/5,Рекон.,53280
2025-03-03,Пурвциемс,Стайцелес 1,6,110,1/9,602-я,110000
2025-03-03,Зиепниеккалнс,Светес 1,3,95,1/4,Нов.,195000
2025-03-03,Кенгарагс,Латгалес 321,2,49,4/5,Лит. пр.,43000
2025-03-03,центр,Гертрудес 14,4,103,1/6,Дов. дом,195000
2025-03-03,Ильгюциемс,Скуйенес 11,2,45,4/5,Хрущ.,36400
2025-03-03,центр,Пушкина 1,3,72,4/6,Рекон.,171700
2025-03-03,Югла,Смилшкалну 2,2,48,2/2,Хрущ.,38000
2025-03-03,центр,Ганибу Д. 15,1,37,1/5,Дов. дом,29800
2025-03-03,Межциемс,Лидума 2,2,38,1/5,Лит. пр.,35000
2025-03-03,Иманта,М. Круму 20,3,63,7/9,602-я,83000
2025-03-03,центр,Звайгжню 13,1,25,1/5,Дов. дом,42000
2025-03-03,Шампетерис-Плескодале,Лиелирбес 15,1,33,15/30,Нов.,109275
2025-03-03,Болдерая,Лемешу 11,3,64,8/9,602-я,46000
2025-03-03,центр,Бривибас 146,1,30,3/5,Рекон.,63000
2025-03-03,Зиепниеккалнс,Озолциема 28,2,50,5/9,602-я,52000
2025-03-03,центр,Зирню 4,2,43,5/6,Хрущ.,50000
2025-03-03,Даугавгрива,Эспланадес 5/1,3,37,1/2,Спец. пр.,29500
2025-03-03,центр,Гертрудес 71,3,88,1/6,Дов. дом,139800
2025-03-03,Пурвциемс,Стирну 35a,3,62,7/9,602-я,70000
2025-03-03,Агенскалнс,Ранькя Д. 31,2,46,4/4,Рекон.,87780
2025-03-03,Межапарк,Эзермалас 4,2,19,4/5,Рекон.,26220
2025-03-03,Плявниеки,Илукстес 34,3,80,7/9,119-я,89000
2025-03-03,Вецрига,Кунгу 25,2,64,5/5,Нов.,159000
2025-03-03,Межапарк,Кемпес 2a,2,46,6/12,Нов.,120500
2025-03-03,Зиепниеккалнс,Дигнаяс 3B,2,39,2/6,Нов.,94000
2025-03-03,центр,Валдемара 57/59,1,19,1/6,Дов. дом,49000
2025-03-03,Кенгарагс,Визлас 4,1,27,3/5,Лит. пр.,27000
2025-03-03,Ильгюциемс,Буллю 40B,2,44,4/5,Хрущ.,31800
2025-03-03,р-он,ул. Латгалес Лудзас 56,3,59,6/6,Рекон.,88000
2025-03-03,центр,Чака 72,2,34,4/4,Дов. дом,91000
2025-03-03,Межапарк,Эзермалас 4,2,27,4/5,Рекон.,37122
2025-03-03,Зиепниеккалнс,Стерсту 15A,4,88,3/3,Нов.,199000
2025-03-03,Межапарк,Эзермалас 4,2,23,4/5,Рекон.,46368
2025-03-03,Зиепниеккалнс,Стерсту 13c,1,28,3/3,Нов.,84000
2025-03-03,центр,Кунгу 25,2,64,5/5,Нов.,159000
2025-03-03,Шампетерис-Плескодале,Кемеру 4,4,64,1/2,Дов. дом,39500
2025-03-03,Вецмилгравис,Эджиня Г. 5,2,68,1/5,Лит. пр.,47000
2025-03-03,Дарзциемс,Румбулас 14,4,86,2/5,Нов.,196750
2025-03-03,Вецрига,М. Музея 1,2,46,1/5,Дов. дом,89000
2025-03-03,Зиепниеккалнс,Тадайкю 7,2,43,3/3,Хрущ.,42000
2025-03-03,центр,Таллинас 86,2,55,6/6,Рекон.,120000
2025-03-03,центр,Таллинас 86,2,57,6/6,Рекон.,123000
2025-03-03,центр,Таллинас 86,2,70,6/6,Рекон.,140000
2025-03-03,центр,Таллинас 86,3,98,6/6,Рекон.,185000
2025-03-03,центр,Таллинас 86,3,100,6/6,Рекон.,207000
2025-03-03,центр,Таллинас 86,3,85,6/6,Рекон.,164000
2025-03-03,центр,Виландес 2,5,161,5/5,Нов.,640000
2025-03-03,центр,Бривибас 146,1,28,1/5,Дов. дом,42150
2025-03-03,Межциемс,Бикерниеку 218,2,54,2/5,103-я,41000
2025-03-03,Шампетерис-Плескодале,Волгунтес 16b,5,115,1/2,Дов. дом,95000
2025-03-03,Агенскалнс,Марупес 6,2,69,4/4,Рекон.,152000
2025-03-03,Межапарк,Эзермалас 4,2,20,1/5,Рекон.,27048
2025-03-03,р-он,ул. Латгалес Ерсикас 21A,3,47,2/6,Рекон.,79000
2025-03-03,Пурвциемс,Дзелзавас 104,2,46,7/8,Нов.,112100
2025-03-03,Зиепниеккалнс,Стерсту 15A,1,20,1/3,Нов.,54000
2025-03-03,Пурвциемс,Дзелзавас 104,2,46,7/8,Нов.,110100
2025-03-03,Пурвциемс,Дзелзавас 104,3,64,4/8,Нов.,148500
2025-03-03,Кенгарагс,Саласпилс 12,3,62,3/5,Лит. пр.,47000
2025-03-03,центр,Гертрудес 22,4,89,2/6,Дов. дом,275000
2025-03-03,центр,Алаукста 7,2,31,2/4,Рекон.,90000
2025-03-03,Саркандаугава,Патверсмес 1k-1,3,93,3/3,Дов. дом,86000
2025-03-03,Пурвциемс,Мадонас 19,3,75,3/9,119-я,74500
2025-03-03,Торнякалнс,Сатиксмес 3,2,56,5/6,Нов.,112500
2025-03-03,центр,Чака 49,2,57,1/6,Дов. дом,99925
2025-03-03,р-н,ул.Краста Огрес 14,4,72,1/9,467-я,67000
2025-03-03,центр,Вагнера 12,3,67,2/3,Дов. дом,195000
2025-03-03,Кенгарагс,Латгалес 315,1,36,10/12,Чеш. пр.,37500
2025-03-03,Агенскалнс,Кристапа 8b,1,18,2/5,Хрущ.,24000
2025-03-03,Агенскалнс,Мелнсила 20,1,31,5/5,Хрущ.,43400
2025-03-03,центр,Мейеровица бульв. 4,4,170,4/6,Дов. дом,190000
2025-03-03,центр,Клияну 20,3,75,4/4,Рекон.,85000
2025-03-03,Биерини,Лиепаяс 37c,2,48,1/4,Нов.,111900
2025-03-03,Иманта,Слокас 183,3,62,1/9,602-я,60000
2025-03-03,Биерини,Лиепаяс 37c,2,48,2/4,Нов.,120600
2025-03-03,Даугавгрива,Звиню 6,2,47,2/5,Хрущ.,36600
2025-03-03,центр,Антонияс 18,5,159,2/6,Рекон.,450000
2025-03-03,Биерини,Лиепаяс 37c,2,48,2/4,Нов.,118900
2025-03-03,центр,Лачплеша 47,3,114,2/6,Дов. дом,170000
2025-03-03,центр,Антонияс 24,3,92,5/6,Дов. дом,200567
2025-03-03,центр,Алукснес 3,1,20,3/5,Рекон.,57000
2025-03-03,Чиекуркалнс,Чиекуркална 1 л. 72,3,60,2/3,Сталинка,90000
2025-03-03,центр,Валдемара 23,3,97,1/5,Рекон.,235000
2025-03-03,центр,Антонияс 24,3,111,2/6,Дов. дом,214370
2025-03-03,Ильгюциемс,Саулгожу 4,1,27,4/5,Лит. пр.,25000
2025-03-03,центр,Бривибас 99,3,130,3/6,Рекон.,169910
2025-03-03,центр,Томсона 39/1,3,112,5/7,Нов.,218400
2025-03-03,Кенгарагс,Латгалес 258/7,2,47,3/5,Хрущ.,33800
2025-03-03,Ильгюциемс,Стурес 2,1,17,1/5,Спец. пр.,12900
2025-03-03,Плявниеки,Илукстес 38,4,89,1/9,119-я,96000
2025-03-03,центр,Гертрудес 9,5,169,4/6,Рекон.,378000
2025-03-03,центр,Индрану 21,2,42,3/3,Дов. дом,68000
2025-03-03,центр,Тербатас 20,2,62,6/6,Дов. дом,139500
2025-03-03,Дзегужкалнс,Морица 16,1,42,5/5,М. сем.,31500
2025-03-03,центр,Пулкв. Бриежа 15,2,34,1/6,Рекон.,85140
2025-03-03,Пурвциемс,Дзелзавас 74_k1,2,45,1/11,Нов.,115000
2025-03-03,р-н,ул.Краста Латгалес 192,1,32,8/9,Нов.,92800
2025-03-03,Агенскалнс,Капселю 6,4,125,2/2,Дов. дом,227000
2025-03-03,Агенскалнс,Ранькя Д. 31,2,39,1/4,Рекон.,99950
2025-03-03,Гризинькалнс,Звайгжню 21,2,45,4/6,Дов. дом,56830
2025-03-03,Кенгарагс,Латгалес 429,1,33,2/5,Лит. пр.,34100
2025-03-03,центр,Еезусбазницас 5,3,71,3/5,Дов. дом,76700
2025-03-03,центр,Валдемара 77,2,51,1/5,Дов. дом,115000
2025-03-03,центр,Еезусбазницас 5,1,39,1/5,Дов. дом,41000
2025-03-03,Тейка,Кастранес 7,2,42,2/4,Спец. пр.,78000
2025-03-03,Кенгарагс,Локомотивес 90,1,30,1/5,Лит. пр.,25900
2025-03-03,Агенскалнс,Вентспилс 25,1,29,2/2,Дов. дом,9500
2025-03-03,Гризинькалнс,Красотаю 13,1,29,1/5,Рекон.,71963
2025-03-03,Кенгарагс,Крустпилс 75k5,1,11,2/3,М. сем.,9650
2025-03-03,Тейка,Бривибас 217,3,60,1/2,Рекон.,119500
2025-03-03,Межапарк,Виестура пр. 85,2,62,1/2,Сталинка,48800
2025-03-03,Саркандаугава,Твайка 54 k-4,3,54,3/5,Хрущ.,55500
2025-03-03,Тейка,Ропажу 78,2,43,4/5,Спец. пр.,58000
2025-03-03,центр,Лиенес 17,1,25,2/2,Рекон.,24500
2025-03-03,центр,Индрану 8,4,134,6/7,Нов.,279500
2025-03-03,центр,Бривибас 99,4,95,5/6,Дов. дом,118630
2025-03-03,центр,Элизабетес 22,4,80,5/6,Дов. дом,233900
2025-03-03,центр,Бривибас 95,2,64,7/7,Дов. дом,211000
2025-03-03,Плявниеки,Грестес 12,2,50,2/9,602-я,40000
2025-03-03,Пурвциемс,Андромедас Г. 4,2,49,5/5,Лит. пр.,43000
2025-03-03,центр,Бриана 17,2,48,1/1,Дов. дом,75000
2025-03-03,Пурвциемс,Ницгалес 12,2,47,3/5,Лит. пр.,44498
2025-03-03,Зиепниеккалнс,Зиепью 5,2,40,3/4,Хрущ.,49500
2025-03-03,Кенгарагс,Локомотивес 98,2,45,5/5,Лит. пр.,36000
2025-03-03,Межапарк,Виестура пр. 4,2,46,6/6,Нов.,126000
2025-03-03,Аплокциемс,Бриежу 9,2,46,6/6,Нов.,126000
2025-03-03,Даугавгрива,Лепью 13,2,55,5/5,103-я,42800
2025-03-03,Дзегужкалнс,Усмас 4,2,42,2/2,Рекон.,65000
2025-03-03,Кенгарагс,Вишкю 1,2,45,1/9,467-я,41998
2025-03-03,Зиепниеккалнс,Дикя 2,2,46,2/2,Дов. дом,42000
2025-03-03,Пурвциемс,Буртниеку 35,1,12,2/4,М. сем.,18000
2025-03-03,Тейка,Таливалжа 18,2,78,1/2,Рекон.,125000
2025-03-03,центр,Аусекля 5,6,230,5/6,Дов. дом,900000
2025-03-03,Дзегужкалнс,Морица 20B,3,67,3/5,Лит. пр.,72200
2025-03-03,Иманта,Дубулту 16,3,59,2/5,Лит. пр.,71000
2025-03-03,р-он,ул. Латгалес Виляну 3,3,75,2/5,Спец. пр.,107000
2025-03-03,центр,Аугшиела 8,2,34,5/6,Рекон.,55950
2025-03-03,центр,Аугшиела 8,2,30,2/6,Рекон.,48950
2025-03-03,центр,Аугшиела 8,2,30,5/6,Рекон.,47950
2025-03-03,центр,Стабу 16,4,90,2/6,Рекон.,165000
2025-03-03,центр,Весетас 6,2,79,7/7,Нов.,500000
2025-03-03,Плявниеки,Павасара г. 6,3,62,1/9,602-я,65000
2025-03-03,р-н,ул.Краста Латгалес 190,2,41,8/9,Нов.,118900
2025-03-03,Межапарк,Гауяс 42,2,36,3/9,Нов.,85700
2025-03-03,Кенгарагс,Латгалес 258,2,46,3/5,Лит. пр.,36500
2025-03-03,Межапарк,Инчукална 2,3,78,3/4,Нов.,205000
2025-03-03,центр,Садовникова 21,3,57,3/6,Рекон.,89000
2025-03-03,Кенгарагс,Вишкю 19,4,62,5/5,Лит. пр.,45000
2025-03-03,центр,Пулкв. Бриежа 8,5,176,4/6,Дов. дом,335000
2025-03-03,Пурвциемс,Дзелзавас 35,3,61,1/9,602-я,64900
2025-03-03,Букулты,Яунциема Г. 1,2,30,1/1,Ч. дом,20500
2025-03-03,Иманта,Имантас 3A,2,49,5/5,Лит. пр.,46000
2025-03-03,центр,Гростонас 21,4,110,3/10,Нов.,370000
2025-03-03,Пурвциемс,Унияс 74,3,128,3/4,Нов.,185000
2025-03-03,центр,Дзирнаву 112,2,40,3/3,Дов. дом,63000
2025-03-03,центр,Калпака бульв. 7,3,86,5/5,Рекон.,380000
2025-03-03,Дзегужкалнс,Яунсаулес 7a,2,44,4/5,Лит. пр.,38000
2025-03-03,Кенгарагс,Прушу 46,3,86,2/10,Спец. пр.,125000
2025-03-03,центр,Блауманя 9,2,39,3/5,Рекон.,125000
2025-03-03,р-н,ул.Краста Огрес 10,2,50,5/9,467-я,52000
2025-03-03,центр,Веру 3,3,61,2/5,Дов. дом,127000
2025-03-03,Межапарк,Кемпес 2A,2,47,9/12,Нов.,127000
2025-03-03,центр,Бриана 17,2,47,1/2,Спец. пр.,74998
2025-03-03,Агенскалнс,Ранькя Д. 31,2,50,2/4,Рекон.,81675
2025-03-03,Агенскалнс,Ранькя Д. 31,1,30,1/5,Рекон.,55648
2025-03-03,р-он,ул. Латгалес М. Лубанас 17,1,25,1/2,Дов. дом,14998
2025-03-03,Плявниеки,Дравниеку 3,4,98,2/10,Нов.,199511
2025-03-03,Пурвциемс,Иерикю 26,2,46,2/2,Сталинка,63200
2025-03-03,Тейка,Иерикю 26,2,46,2/2,Сталинка,63200
2025-03-03,Зиепниеккалнс,Вадакстес 20,1,38,5/5,Хрущ.,39900
2025-03-03,центр,Стабу 56,5,240,6/6,Дов. дом,199000
2025-03-03,Кенгарагс,Прушу 1 k-1,1,30,4/5,Лит. пр.,29000
2025-03-03,Югла,Мурьяню 153,3,80,3/4,Нов.,190000
2025-03-03,центр,Калниня 6,1,52,1/5,Рекон.,124000
2025-03-03,Зиепниеккалнс,Баускас 49,3,62,5/5,Лит. пр.,73000
2025-03-03,центр,Виландес 5,5,165,4/5,Дов. дом,375000
2025-03-03,Даугавгрива,Бирзес 42,2,53,2/5,103-я,63000
2025-03-03,Межциемс,Друвиенас 36,2,51,7/9,602-я,55000
2025-03-03,центр,Калниня 6,3,88,2/5,Рекон.,217500
2025-03-03,Межапарк,Виестура пр. 35,2,44,4/9,Спец. пр.,43500
2025-03-03,центр,Антонияс 16A,4,132,4/7,Нов.,425000
2025-03-03,Плявниеки,Салнас 21,2,45,4/9,Нов.,83000
2025-03-03,центр,Дагдас 4,3,65,3/5,Рекон.,87000
2025-03-03,центр,Чака 126,1,28,4/4,Дов. дом,49900
2025-03-03,Пурвциемс,Стирну 12a,2,65,1/3,Нов.,124000
2025-03-03,Иманта,Курземес пр. 122,2,50,4/9,602-я,68000
2025-03-03,центр,Элизабетес 39,4,174,5/7,Нов.,973350
2025-03-03,центр,Элизабетес 18,2,61,2/6,Рекон.,295000
2025-03-03,Ильгюциемс,Риексту 13,2,50,1/5,Лит. пр.,38500
2025-03-03,Ильгюциемс,Спилвес 15,2,50,5/5,Лит. пр.,35800
2025-03-03,Пурвциемс,Ницгалес 23,3,63,4/5,Лит. пр.,49000
2025-03-03,Иманта,Даммес 40,2,51,4/9,602-я,65800
2025-03-03,Кенгарагс,Аглонас 11,2,43,2/4,Нов.,99500
2025-03-03,Золитуде,Грамздас 21,1,46,3/9,119-я,49000
2025-03-03,Плявниеки,Улброкас 7,3,75,3/12,104-я,86500
2025-03-03,центр,Катринас Д. 6,2,56,2/2,Рекон.,122540
2025-03-03,центр,Звайгжню 21,2,32,5/6,Дов. дом,41216
2025-03-03,Кенгарагс,Аглонас 10k2,2,43,4/5,Лит. пр.,41900
2025-03-03,Даугавгрива,Парадес 24,2,42,2/5,Хрущ.,32000
2025-03-03,Вецрига,Вальню 21,4,133,7/7,Дов. дом,699000
2025-03-03,центр,Базницас 37,5,131,5/5,Дов. дом,197000
2025-03-03,Тейка,Бикерниеку 16,2,45,2/5,Нов.,104000
2025-03-03,центр,Бруниниеку 104,1,30,2/4,Дов. дом,49990
2025-03-03,Югла,Юглас 35,3,58,3/5,Хрущ.,54000
2025-03-03,Ильгюциемс,Гара 28,3,66,3/5,Лит. пр.,69900
2025-03-03,Гризинькалнс,Красотаю 13,2,49,2/5,Рекон.,103452
2025-03-03,р-он,ул. Латгалес Даугавпилс 54,3,80,2/5,Дов. дом,125000
2025-03-03,Саркандаугава,Патверсмес 3/1,1,43,6/6,М. сем.,43500
2025-03-03,Тейка,Берзпилс 1,2,47,5/5,Хрущ.,68000
2025-03-03,р-он,ул. Латгалес Даугавпилс 49,1,27,4/5,Дов. дом,23000
2025-03-03,центр,Стабу 16,3,78,5/6,Рекон.,132500
2025-03-03,центр,Антонияс 24,3,108,5/6,Дов. дом,208938
2025-03-03,центр,Красотаю 13,2,56,5/5,Рекон.,127942
2025-03-03,центр,Пушкина 1,3,72,5/6,Рекон.,99072
2025-03-03,Дрейлини,Каивас 48A,4,85,4/6,Нов.,209900
2025-03-03,Дрейлини,Каивас 48A,2,44,4/6,Нов.,114100
2025-03-03,Гризинькалнс,Пернавас 56,1,24,3/3,Хрущ.,17000
2025-03-03,Вецрига,Грециниеку 26,6,389,4/4,Рекон.,1900000
2025-03-03,центр,Артилерияс 13,2,159,5/5,Рекон.,35000
2025-03-03,Вецрига,Паласта 9,3,83,4/4,Дов. дом,170000
2025-03-03,центр,Бривибас 142,3,100,5/6,Дов. дом,170000
2025-03-03,центр,Бруниниеку 92,2,42,2/2,Дов. дом,52500
2025-03-03,Зиепниеккалнс,Ливциема 49,2,52,9/9,602-я,44500
2025-03-03,Плявниеки,Сеску 63,3,78,4/9,119-я,78500
2025-03-03,Саркандаугава,Виестура пр. 14,2,47,8/9,467-я,43500
2025-03-03,Плявниеки,Салнас 13,1,33,7/9,602-я,37000
2025-03-03,Агенскалнс,Мелнсила 9,1,30,3/3,Дов. дом,62000
2025-03-03,Кенгарагс,Прушу 15 k-1,1,30,3/5,103-я,39500
2025-03-03,Тейка,Земгала 80,3,75,1/12,Нов.,160000
2025-03-03,центр,Бривибас 159,4,122,1/6,Дов. дом,109000
2025-03-03,Саркандаугава,Приежу 9,1,18,2/2,Дов. дом,15500
2025-03-03,Иманта,Ригондас Г. 10,1,36,6/9,602-я,48000
2025-03-03,центр,Виландес 7,5,156,5/5,Дов. дом,320000
2025-03-03,центр,Чака 70,6,178,3/6,Дов. дом,220000
2025-03-03,Плявниеки,Ренцену 40,1,30,2/4,Рекон.,26900
2025-03-03,Тейка,Бривибас 201,3,69,3/5,Нов.,146500
2025-03-03,Тейка,Бривибас 201,1,39,3/5,Нов.,81900
2025-03-03,Тейка,Бривибас 201,4,93,2/5,Нов.,162900
2025-03-03,Агенскалнс,Ранькя Д. 31,3,81,2/4,Рекон.,126562
2025-03-03,Зиепниеккалнс,Тумес 25,2,40,4/6,Нов.,114500
2025-03-03,Зиепниеккалнс,Баускас 57,2,49,2/5,Нов.,92000
2025-03-03,Кенгарагс,Расас 30,2,50,1/5,Лит. пр.,51500
2025-03-03,Кенгарагс,Вишкю 23,1,29,1/5,Лит. пр.,24900
2025-03-03,центр,Антонияс 24,4,92,5/6,Дов. дом,200133
2025-03-03,Болдерая,Лемешу 3,2,49,4/5,Лит. пр.,32000
2025-03-03,центр,Ганибу Д. 40a,1,34,3/3,Дов. дом,33699
2025-03-03,Югла,Бривибас 338,3,84,7/7,Нов.,165000
2025-03-03,Плявниеки,Салнас 21,2,45,4/9,Нов.,88900
2025-03-03,Кенгарагс,Латгалес 431,1,29,5/5,Спец. пр.,32000
2025-03-03,Кенгарагс,Каниера 6a,2,49,3/5,Лит. пр.,67000
2025-03-03,Кенгарагс,Локомотивес 74,2,45,2/5,Лит. пр.,67000
2025-03-03,Иманта,Даммес 8,1,34,5/9,602-я,47000
2025-03-03,Ильгюциемс,Лидоню 21,3,56,3/5,Лит. пр.,54000
2025-03-03,центр,Аугшиела 8,2,33,3/6,Рекон.,56750
2025-03-03,Тейка,Бривибас 201,2,60,4/5,Нов.,128400
2025-03-03,Тейка,Бривибас 201,3,71,1/5,Нов.,119500
2025-03-03,Тейка,Бривибас 201,4,82,2/5,Нов.,156500
2025-03-03,Тейка,Бривибас 201,2,27,3/5,Нов.,61500
2025-03-03,Агенскалнс,Тапешу 19,3,57,5/5,Хрущ.,73000
2025-03-03,центр,Экспорта 14,2,55,5/5,Сталинка,100000
2025-03-03,Зиепниеккалнс,Баускас 73/2,2,41,3/4,Хрущ.,43000
2025-03-03,Вецрига,Театра 2,3,97,2/6,Нов.,295000
2025-03-03,Аплокциемс,Бриежу 7,2,36,2/6,Нов.,79000
2025-03-03,р-н,ул.Краста Салацас 16,3,72,11/16,104-я,110000
2025-03-03,Пурвциемс,Унияс 32A,1,22,2/2,Дов. дом,16000
2025-03-03,Зиепниеккалнс,Зиепниеккална 51,3,78,2/4,Нов.,214900
2025-03-03,Иманта,Даммес 31,2,49,5/9,602-я,48000
2025-03-03,Дзегужкалнс,Уденс 12,2,148,2/5,Нов.,137000
2025-03-03,Пурвциемс,Дзелзавас 76,3,61,4/9,602-я,59900
2025-03-03,центр,Блауманя 29,4,143,2/6,Дов. дом,240000
2025-03-03,Саркандаугава,Приежу 10,2,43,2/3,Дов. дом,24900
2025-03-03,VEF,Унияс 7a,1,25,1/2,Дов. дом,20000
2025-03-03,центр,Сканстес 29,2,61,3/24,Нов.,121000
2025-03-03,Саркандаугава,Хапсалас 21,1,25,2/3,Дов. дом,18900
2025-03-03,центр,Бривибас 139,3,107,4/4,Рекон.,185000
2025-03-03,Вецмилгравис,Атлантияс 67,2,62,2/3,Дов. дом,49000
2025-03-03,Тейка,Бривибас 201,3,77,5/5,Нов.,134900
2025-03-03,центр,Аугшиела 8,2,59,2/6,Рекон.,99900
2025-03-03,центр,Базницас 41/43,3,99,7/7,Спец. пр.,187000
2025-03-03,центр,Стабу 16,5,120,1/6,Рекон.,168000
2025-03-03,Пурвциемс,Кегума 31,2,49,2/3,Хрущ.,42000
2025-03-03,центр,Стабу 16,3,77,1/6,Рекон.,133875
2025-03-03,Вецрига,Миесниеку 14,3,65,1/5,Рекон.,199000
2025-03-03,Тейка,Бривибас 239,2,72,4/5,Спец. пр.,111501
2025-03-03,Югла,Юглас 1,2,45,5/5,Лит. пр.,60000
2025-03-03,Болдерая,Гобас 28,2,53,2/5,103-я,33000
2025-03-03,центр,Грециниеку 24,3,91,2/5,Нов.,185000
2025-03-03,Зиепниеккалнс,Озолциема 30,1,44,1/9,М. сем.,33700
2025-03-03,центр,Сколас 14,4,158,4/6,Дов. дом,370000
2025-03-03,Пурвциемс,Дзелзавас 25,2,50,1/9,602-я,53000
2025-03-03,центр,Тербатас 59/61,4,101,1/5,Рекон.,190000
2025-03-03,центр,Красотаю 13,2,53,5/5,Рекон.,119473
2025-03-03,Тейка,Бикерниеку 79,2,54,5/5,Хрущ.,72500
2025-03-03,центр,Элияс 26,3,59,5/5,Нов.,149900
2025-03-03,Кенгарагс,Вишкю 3,4,60,4/5,Лит. пр.,47498
2025-03-03,Плявниеки,Сахарова 15,1,49,8/12,104-я,39900
2025-03-03,Шампетерис-Плескодале,Стендес 1/3,2,42,3/5,Хрущ.,48800
2025-03-03,центр,Чака 143,2,57,3/6,Дов. дом,99500
2025-03-03,Иманта,Зентенес 39,3,60,5/5,Лит. пр.,62990
2025-03-03,центр,Гертрудес 55A,1,23,3/4,Дов. дом,49500
2025-03-03,центр,Гертрудес 55A,4,90,1/4,Дов. дом,195000
2025-03-03,центр,Клуса 23,3,80,1/2,Дов. дом,119000
2025-03-03,центр,Лабораторияс 5,3,68,2/5,Нов.,164800
2025-03-03,р-он,ул. Латгалес Элияс 26,2,40,6/6,Нов.,104000
2025-03-03,центр,Иерочу 6,1,16,1/2,Дов. дом,10300
2025-03-03,центр,Валдемара 75,4,181,5/5,Дов. дом,370000
2025-03-03,Кенгарагс,Латгалес 307,2,49,3/5,Лит. пр.,43000
2025-03-03,Болдерая,Лиелупес 1/13,2,53,5/5,Хрущ.,25500
2025-03-03,Ильгюциемс,Лидоню 1,3,81,1/3,Сталинка,70000
2025-03-03,р-он,ул. Латгалес Айвиекстес 3,2,53,2/4,Дов. дом,55750
2025-03-03,центр,Стабу 19,3,78,4/6,Рекон.,224000
2025-03-03,Пурвциемс,Дзелзавас 89,2,49,4/5,Лит. пр.,49500
2025-03-03,центр,Базницас 45,6,170,3/6,Дов. дом,320000
2025-03-03,центр,Пулкв. Бриежа 13,3,64,1/6,Рекон.,137000
2025-03-03,центр,Матиса 93,1,91,5/5,Дов. дом,50000
2025-03-03,Зиепниеккалнс,Валдекю 53,3,77,10/10,119-я,75000
2025-03-03,Шкиротава,Гравас 17,3,82,4/5,Нов.,125000
2025-03-03,Торнякалнс,Елгава 14,1,25,3/6,Нов.,73370
2025-03-03,Торнякалнс,Елгава 14,1,23,1/6,Нов.,56500
2025-03-03,центр,Лачплеша 36,2,50,6/6,Рекон.,90180
2025-03-03,центр,Лачплеша 36,3,85,3/6,Рекон.,139620
2025-03-03,центр,Таллинас 96,3,59,2/2,Рекон.,97000
2025-03-03,центр,Валмиерас 28,2,59,5/5,Нов.,110000
2025-03-03,центр,Чака 31,3,60,3/5,Рекон.,163000
2025-03-03,Кенгарагс,Икшкилес 16,3,61,4/5,Лит. пр.,55500
2025-03-03,Шампетерис-Плескодале,Залвес 27,1,22,1/1,Рекон.,59000
2025-03-03,Дзегужкалнс,Уденс 12,3,65,3/7,Нов.,98500
2025-03-03,центр,Латгалес 31,3,61,5/6,Нов.,158900
2025-03-03,центр,Матиса 29,3,79,5/5,Рекон.,129200
2025-03-03,Пурвциемс,Дудаева Г. 5,3,60,3/5,Лит. пр.,61500
2025-03-03,центр,Элияс 26,3,67,6/6,Нов.,192900
2025-03-03,Тейка,Буртниеку 1,2,37,4/5,Рекон.,75000
2025-03-03,центр,Алаукста 21,2,43,1/3,Дов. дом,77000
2025-03-03,центр,Бривибас 129,2,57,3/6,Дов. дом,90000
2025-03-03,центр,Бривибас 181,2,42,5/5,Хрущ.,59000
2025-03-03,Саркандаугава,Приежу 14A,1,24,1/3,Дов. дом,6350
2025-03-03,центр,Гертрудес 14,2,48,6/6,Дов. дом,100000
2025-03-03,Гризинькалнс,Красотаю 13,3,49,2/5,Рекон.,103452
2025-03-03,Агенскалнс,Ранькя Д. 31,2,65,1/4,Рекон.,106267
2025-03-03,Агенскалнс,Кулдигас 56,4,115,1/2,Дов. дом,95000
2025-03-03,Вецрига,Ноликтавас 1,2,56,5/5,Дов. дом,130000
2025-03-03,Агенскалнс,Мукусалас 29,1,39,3/3,Нов.,110000
2025-03-03,Вецмилгравис,Вецмилгравья 8,3,60,4/5,Хрущ.,59800
2025-03-03,Агенскалнс,Элвирас 9A,3,59,1/5,Лит. пр.,58000
2025-03-03,центр,Масту 2,3,54,1/5,Хрущ.,60500
2025-03-03,центр,Валдемара 145,3,62,1/6,Хрущ.,82000
2025-03-03,Иманта,Анниньмуйжас 43,4,189,13/24,Нов.,199000
2025-03-03,Иманта,Анниньмуйжас 41,1,45,8/24,Нов.,90000
2025-03-03,Ильгюциемс,Скодас 4,3,67,4/5,Лит. пр.,46500
2025-03-03,центр,Рупниецибас 34A,3,88,2/6,Нов.,203000
2025-03-03,центр,Рупниецибас 34A,4,158,4/6,Нов.,285000
2025-03-03,Даугавгрива,Плекснес 3,2,55,4/5,103-я,34500
2025-03-03,центр,Стабу 2A,2,57,6/7,Нов.,179500
2025-03-03,центр,Стабу 2A,2,57,4/7,Нов.,189500
2025-03-03,Кенгарагс,Латгалес 269А,2,38,5/5,Лит. пр.,38000
2025-03-03,центр,Бруниниеку 42,3,60,2/6,Дов. дом,77750
2025-03-03,центр,Лачплеша 21,2,60,6/6,Дов. дом,109000
2025-03-03,центр,Лугажу 6,3,61,3/5,Лит. пр.,75000
2025-03-03,Агенскалнс,Калнциема 47,2,39,4/5,Хрущ.,69000
2025-03-03,центр,Пиена 2,2,48,3/3,Рекон.,117000
2025-03-03,центр,Пиена 2,2,54,1/3,Рекон.,96120
2025-03-03,Агенскалнс,Лиепаяс 78C,2,58,4/4,Спец. пр.,116000
2025-03-03,Пурвциемс,Раунас 37,2,42,1/5,Хрущ.,43000
2025-03-03,Кливерсала,Кугю 15,2,42,2/3,Рекон.,135000
2025-03-03,центр,Госпиталю 7,1,34,4/5,103-я,49999
2025-03-03,Тейка,Лиелвардес 40,1,50,1/1,Спец. пр.,94500
2025-03-03,Чиекуркалнс,Русова 7,2,36,3/7,Нов.,83900
2025-03-03,Иманта,Прогреса 6,3,60,1/5,Лит. пр.,65000
2025-03-03,Межапарк,Эзермалас 4,2,28,2/5,Рекон.,38364
2025-03-03,центр,Стабу 87A,3,54,1/5,Рекон.,134275
2025-03-03,Пурвциемс,Дзелзавас 104,3,57,6/8,Нов.,138300
2025-03-03,Кенгарагс,Каниера 14,1,31,9/12,Чеш. пр.,36900
2025-03-03,Иманта,Юрмалас Г. 108,3,80,1/2,Ч. дом,99000
2025-03-03,Зиепниеккалнс,Виенибас Г. 186A,3,95,6/6,Нов.,155000
2025-03-03,Пурвциемс,Дзелзавас 104,3,64,8/8,Нов.,158400
2025-03-03,Даугавгрива,Эспланадес 6,3,67,5/5,103-я,67000
2025-03-03,Пурвциемс,Дзелзавас 104,2,46,5/8,Нов.,108100
2025-03-03,Межапарк,Эзермалас 4a,3,56,5/5,Рекон.,86000
2025-03-03,Агенскалнс,Лермонтова 3,3,59,1/2,Рекон.,88900
2025-03-03,центр,Закю 7,2,57,5/5,Спец. пр.,71000
2025-03-03,Агенскалнс,Амалияс 5a,3,68,3/3,Рекон.,196695
2025-03-03,Торнякалнс,Елгава 63,2,94,3/6,Нов.,127000
2025-03-03,Агенскалнс,Елгава 63,2,94,3/6,Нов.,127000
2025-03-03,Аплокциемс,Чиекуру 5 k-2,2,42,2/2,Хрущ.,42000
2025-03-03,Агенскалнс,Амалияс 5a,3,62,3/3,Рекон.,175980
2025-03-03,Ильгюциемс,Лилияс 21,2,53,5/7,103-я,45000
2025-03-03,Пурвциемс,Андромедас Г. 1,3,61,4/5,Лит. пр.,69000
2025-03-03,Вецрига,Шкюню 13,4,84,2/5,Рекон.,184000
2025-03-03,Пурвциемс,Пурвциема 15,1,49,7/12,104-я,48000
2025-03-03,центр,Элизабетес 9,2,43,3/6,Дов. дом,123500
2025-03-03,Межапарк,Остас пр. 4,2,45,2/5,Лит. пр.,55000
2025-03-03,центр,Таллинас 96,3,61,2/2,Рекон.,95500
2025-03-03,Плявниеки,Илукстес 4,1,46,1/9,М. сем.,35500
2025-03-03,Иманта,Имантас 3а,3,60,3/5,Лит. пр.,79500
2025-03-03,центр,Дарзауглю 1,4,121,6/7,Нов.,198000
2025-03-03,Плявниеки,Славу 23,3,61,2/9,467-я,68800
2025-03-03,Тейка,Вийциема 8,2,35,3/4,Нов.,82677
2025-03-03,Чиекуркалнс,Чиекуркална 7 п. л. 7A,2,35,3/4,Нов.,82677
2025-03-03,Межапарк,Гауяс 63,2,35,3/4,Нов.,82677
2025-03-03,Вецмилгравис,Балтасбазницас 34,2,54,5/5,103-я,40000
2025-03-03,Кенгарагс,Каниера 10,2,36,1/5,Лит. пр.,47500
2025-03-03,Вецмилгравис,Вецмилгравья 1 л. 28,3,68,3/5,Лит. пр.,59000
2025-03-03,Чиекуркалнс,Чиекуркална 2 л. 49a,2,60,2/5,Нов.,108000
2025-03-03,Межциемс,Гайльэзера 4,3,63,7/9,602-я,79500
2025-03-03,Зиепниеккалнс,Дижозолу 25,2,49,9/9,602-я,50500
2025-03-03,Плявниеки,Плявниеку 8,2,50,8/9,602-я,50900
2025-03-03,Межциемс,Хипократа 47,2,52,9/9,602-я,55000
2025-03-03,Межапарк,Эзермалас 4,2,19,3/5,Рекон.,26772
2025-03-03,Ильгюциемс,Спилвес 35,3,56,4/5,Лит. пр.,64900
2025-03-03,Кенгарагс,Саласпилс 12/5,4,63,5/5,Лит. пр.,57000
2025-03-03,Мангали,Эзера 23,1,27,2/2,Дов. дом,28500
2025-03-03,Пурвциемс,Дзелзавас 76/3,2,51,6/9,602-я,52100
2025-03-03,Плявниеки,Илукстес 4,1,40,2/9,М. сем.,40000
2025-03-03,Плявниеки,Салнас 21,2,46,5/9,Нов.,98000
2025-03-03,Ильгюциемс,Спилвес 13,3,68,5/5,Лит. пр.,54000
2025-03-03,Ильгюциемс,Стурес 6,3,60,4/5,Лит. пр.,54000
2025-03-03,центр,Томсона 23,2,39,5/5,Хрущ.,82000
2025-03-03,центр,Лабораторияс 3,4,74,2/5,Рекон.,189000
2025-03-03,р-он,ул. Латгалес Даугавпилс 49,2,50,1/5,Дов. дом,31000
2025-03-03,Агенскалнс,Тапешу 19,2,46,1/5,Хрущ.,47500
2025-03-03,центр,Мейеровица бульв. 4,6,265,3/5,Дов. дом,590000
2025-03-03,Югла,Вангажу 15,1,30,3/12,Чеш. пр.,34500
2025-03-03,центр,Блауманя 11/13,4,159,6/6,Дов. дом,192000
2025-03-03,Закюсала,Закюсалас наб. 27,3,59,2/3,Нов.,156753
2025-03-03,Закюсала,Закюсалас наб. 27,1,35,2/3,Нов.,96184
2025-03-03,центр,Калниня 2,4,118,6/6,Рекон.,260000
2025-03-03,Зиепниеккалнс,Зиепью 9,3,66,4/9,103-я,65000
2025-03-03,центр,Миера 57a,4,174,3/7,Нов.,370000
2025-03-03,Зиепниеккалнс,Ливциема 57,2,50,5/9,602-я,50000
2025-03-03,Агенскалнс,Капселю 4F,3,62,2/2,Хрущ.,82000
2025-03-03,Агенскалнс,Зелмайшу 11,4,84,5/5,Нов.,192900
2025-03-03,центр,Катринас Д. 26 K-3,1,30,3/4,Хрущ.,44500
2025-03-03,центр,Стабу 33,2,47,1/2,Дов. дом,69000
2025-03-03,центр,Бривибас 103,2,61,6/6,Дов. дом,130000
2025-03-03,центр,Дзирнаву 10,3,87,5/5,Дов. дом,175000
2025-03-03,Зиепниеккалнс,Валдекю 62,2,51,9/9,602-я,57000
2025-03-03,Шампетерис-Плескодале,Калнциема 97A,2,53,4/5,Спец. пр.,39000
2025-03-03,Вецрига,Пилс 7,3,60,4/5,Дов. дом,210000
2025-03-03,Ильгюциемс,Даугавгривас 132,3,66,4/4,Сталинка,57000
2025-03-03,Тейка,Бривибас 313,3,88,4/5,Спец. пр.,135500
2025-03-03,центр,Калпака бульв. 7,3,87,5/6,Рекон.,360000
2025-03-03,Пурвциемс,Пуцес 45,5,206,7/8,Нов.,289000
2025-03-03,Кенгарагс,Латгалес 271,2,44,5/5,Лит. пр.,40000
2025-03-03,Вецмилгравис,Балтасбазницас 31 k-2,2,48,1/3,Спец. пр.,30700
2025-03-03,центр,Бруниниеку 52,1,47,1/5,Дов. дом,60000
2025-03-03,Зиепниеккалнс,Дигнаяс 4,3,73,3/3,Нов.,160000
2025-03-03,центр,Калпака бульв. 7,3,82,2/6,Рекон.,325000
2025-03-03,центр,Калпака бульв. 7,2,44,1/6,Рекон.,135000
2025-03-03,Чиекуркалнс,Эзермалас 4,2,21,2/5,Рекон.,43000
2025-03-03,Ильгюциемс,Саулгожу 2,3,55,5/5,Лит. пр.,39000
2025-03-03,Зиепниеккалнс,Баускас 187,2,43,4/9,М. сем.,49300
2025-03-03,Межапарк,Инчукална 2,3,79,1/4,Рекон.,149000
2025-03-03,центр,Рупниецибас 34a,4,146,3/6,Нов.,330000
2025-03-03,Ильгюциемс,Спилвес 33,3,66,1/5,Лит. пр.,70990
2025-03-03,Шампетерис-Плескодале,Стендес 1 k-3,2,44,3/4,Хрущ.,48000
2025-03-03,Плявниеки,Ясмуйжас 17,5,90,1/6,602-я,87000
2025-03-03,Кенгарагс,Булту 3,1,33,3/9,467-я,32000
2025-03-03,Зиепниеккалнс,Виенибас Г. 186a,2,65,3/6,Нов.,146000
2025-03-03,центр,Госпиталю 36,2,47,1/6,Дов. дом,58750
2025-03-03,Чиекуркалнс,Русова 7,1,35,4/5,Нов.,75000
2025-03-03,Чиекуркалнс,Русова 7,2,36,2/6,Нов.,90700
2025-03-03,Кенгарагс,Булту 6,2,49,3/5,Лит. пр.,55000
2025-03-03,Пурвциемс,Пурвциема 44,2,50,2/2,Хрущ.,35250
2025-03-03,центр,Валдемара 123,2,56,3/6,Дов. дом,109200
2025-03-03,р-он,ул. Латгалес Ломоносова 7,2,55,2/4,Сталинка,60900
2025-03-03,Тейка,Ропажу 122 k-5,2,50,2/2,Сталинка,51900
2025-03-03,Пурвциемс,Илукстес 109/,2,51,8/9,467-я,63800
2025-03-03,Вецмилгравис,Каву 4,1,27,4/5,Лит. пр.,31000
2025-03-03,Межапарк,Инчукална 2,4,96,2/4,Рекон.,209000
2025-03-03,Шампетерис-Плескодале,Юркалнес 87,3,96,2/4,Нов.,142000
2025-03-03,центр,Бриана 4,2,46,1/5,Рекон.,115000
2025-03-03,Плявниеки,Илукстес 42/9,2,75,3/9,119-я,96000
2025-03-03,Торнякалнс,Елгава 63,4,188,6/6,Нов.,295000
2025-03-03,Плявниеки,Илукстес 36,3,78,1/9,119-я,72000
2025-03-03,центр,Заубес 3,4,102,5/6,Рекон.,295000
2025-03-03,Пурвциемс,Дудаева Г. 5,3,59,3/5,Лит. пр.,61500
2025-03-03,Иманта,Анниньмуйжас 40e,2,50,4/5,Лит. пр.,53000
2025-03-03,Саркандаугава,Хапсалас 21,1,25,2/3,Дов. дом,23500
2025-03-03,Золитуде,Анниньмуйжас 7,2,49,3/12,Нов.,80000
2025-03-03,Тейка,Бикерниеку 31,2,47,2/5,Хрущ.,58000
2025-03-03,Агенскалнс,Ранькя Д. 31,2,46,2/4,Рекон.,135995
2025-03-03,центр,Матиса 101,1,15,4/5,Рекон.,33000
2025-03-03,Агенскалнс,Ранькя Д. 31,2,45,2/4,Рекон.,118071
2025-03-03,центр,Валдемара 73,5,110,6/6,Дов. дом,199970
2025-03-03,Иманта,Юрмалас Г. 100,3,72,5/10,Нов.,170000
2025-03-03,центр,Рупниецибас 34a,3,96,2/6,Нов.,202000
2025-03-03,Зиепниеккалнс,Илмаяс 15,2,54,3/5,103-я,51000
2025-03-03,Вецрига,М. Музея 1,2,42,4/5,Дов. дом,110000
2025-03-03,Агенскалнс,Ранькя Д. 31,2,46,2/4,Рекон.,120443
2025-03-03,Кенгарагс,Латгалес 303,2,39,4/5,Лит. пр.,39500
2025-03-03,центр,Бривибас 114,4,109,2/6,Дов. дом,135750
2025-03-03,Иманта,Юрмалас Г. 100/1,2,50,2/9,Нов.,103500
2025-03-03,центр,Валдемара 77,2,51,1/5,Дов. дом,115000
2025-03-03,центр,Мейеровица бульв. 4,6,265,3/5,Дов. дом,590000
2025-03-03,центр,Лабораторияс 5,3,62,3/5,Нов.,154800
2025-03-03,центр,Лабораторияс 5,3,62,5/5,Нов.,159800
2025-03-03,Агенскалнс,Ранькя Д. 31,2,47,2/4,Рекон.,137175
2025-03-03,центр,Лабораторияс 5,3,70,2/2,Нов.,164800
2025-03-03,Пурвциемс,Илукстес 109,3,61,2/9,602-я,62990
2025-03-03,Мангали,Бриежу 9,1,27,4/6,Нов.,73000
2025-03-03,Плявниеки,Улброкас 7,3,75,5/12,104-я,90000
2025-03-03,Вецмилгравис,Калнгалес 9,1,35,9/9,602-я,25000
2025-03-03,Вецмилгравис,Вецмилгравья 6,3,59,5/5,Хрущ.,60000
2025-03-03,Вецмилгравис,Домбровска 45,1,33,5/9,602-я,27500
2025-03-03,Агенскалнс,Вентспилс 45/1,2,47,1/3,Хрущ.,52000
2025-03-03,Пурвциемс,Бикерниеку 31,2,47,2/5,Хрущ.,58000
2025-03-03,центр,Заубес 1,3,84,1/5,Рекон.,179000
2025-03-03,Пурвциемс,Вайдавас 2 k-3,2,40,1/5,Хрущ.,34500
2025-03-03,центр,Лачплеша 35,3,63,1/6,Рекон.,156100
2025-03-03,Болдерая,Лемешу 9,3,62,2/9,602-я,47000
2025-03-03,Пурвциемс,Дзелзавас 23,4,78,3/9,602-я,96000
2025-03-03,Пурвциемс,Стайцелес 9,3,64,8/9,602-я,60000
2025-03-03,центр,Сканстес 12,2,53,2/12,Нов.,157000
2025-03-03,Луцавсала,Луцавсала 5,2,46,6/9,Нов.,131400
2025-03-03,Луцавсала,Луцавсала 5,3,69,7/9,Нов.,184900
2025-03-03,Луцавсала,Луцавсала 5,4,81,8/9,Нов.,233800
2025-03-03,Дарзциемс,Стопиню 18,1,32,1/2,Дов. дом,15500
2025-03-03,центр,Авоту 46a,2,49,2/5,Рекон.,120500
2025-03-03,Межциемс,Эйзенштейна 45,2,52,8/9,602-я,50000
2025-03-03,Межциемс,Кайвас 46,3,79,1/5,Нов.,155000
2025-03-03,Пурвциемс,Дзелзавас 35,3,60,1/9,602-я,64900
2025-03-03,Агенскалнс,Амалияс 5a,1,22,1/3,Рекон.,62322
2025-03-03,центр,Стабу 92,3,107,2/5,Дов. дом,130000
2025-03-03,Плявниеки,Салнас 12,2,50,8/9,602-я,56000
2025-03-03,центр,Блауманя 11/13,2,48,6/6,Дов. дом,82000
2025-03-03,Гризинькалнс,Терезес 1,2,54,2/5,Дов. дом,89000
2025-03-03,центр,Томсона 23,2,39,5/5,Хрущ.,82000
2025-03-03,центр,Калпака бульв. 5,6,280,4/4,Рекон.,650000
2025-03-03,Кенгарагс,Прушу 53,4,91,2/2,Ч. дом,100000
2025-03-03,Дарзциемс,Стопиню 8k1,4,123,4/4,Нов.,207000
2025-03-03,Тейка,Ропажу 35,2,70,3/3,Рекон.,105000
2025-03-03,Тейка,Вийциема 8,2,31,2/4,Нов.,82939
2025-03-03,р-он,ул. Латгалес Латгалес 231A,3,70,2/2,Дов. дом,46000
2025-03-03,центр,Латгалес 81,3,66,5/5,Дов. дом,49900
2025-03-03,Югла,Маркалнес 1,1,18,2/5,М. сем.,8900
2025-03-03,Зиепниеккалнс,Биксту 6,3,110,6/6,Нов.,139000
2025-03-03,Плявниеки,Ю. Вациеша 7,1,32,3/7,602-я,32000
2025-03-03,Ильгюциемс,Гара 22,3,66,5/5,Лит. пр.,65000
2025-03-03,центр,Лачплеша 19,1,32,2/5,Дов. дом,75000
2025-03-03,Кенгарагс,Латгалес 431,2,55,5/5,Спец. пр.,48000
2025-03-03,Югла,"Силциема 15, k-1",1,31,1/5,Хрущ.,33000
2025-03-03,Пурвциемс,Дзелзавас 31,1,30,4/5,Лит. пр.,37500
2025-03-03,Иманта,Юрмалас Г. 99,3,62,5/9,602-я,55500
2025-03-03,Кенгарагс,"Саласпилс 6, k-2",2,39,1/5,Лит. пр.,42000
2025-03-03,Кенгарагс,Саласпилс 16b,1,33,9/12,Чеш. пр.,41000
2025-03-03,Шампетерис-Плескодале,Ирлавас 4,2,70,1/4,Нов.,133800
2025-03-03,Пурвциемс,Лиелвардес 115,1,50,10/12,104-я,54500
2025-03-03,Иманта,Анниньмуйжас 48,3,61,1/9,602-я,58000
2025-03-03,Чиекуркалнс,Чиекуркална 3 п. л. 2A,1,21,1/2,Дов. дом,12900
2025-03-03,Агенскалнс,Сабилес 13,2,44,1/3,Нов.,143650
2025-03-03,Югла,Мурьяню 151,3,85,3/4,Нов.,174000
2025-03-03,Чиекуркалнс,Русова 9,3,78,7/7,Нов.,195000
2025-03-03,центр,Экспорта 14,2,55,2/5,Сталинка,115000
2025-03-03,Торнякалнс,Елгава 88,3,54,1/4,Дов. дом,96400
2025-03-03,центр,Клуса 17a,2,47,7/7,Рекон.,76250
2025-03-03,центр,Бривибас 162k2,2,54,4/7,Спец. пр.,89900
2025-03-03,Плявниеки,Салнас 34,1,36,7/9,602-я,59000
2025-03-03,Кенгарагс,Авиацияс 2F,2,46,5/5,Лит. пр.,45000
2025-03-03,Межапарк,Яуна Межапарка 36,4,245,3/3,Нов.,564000
2025-03-03,центр,Садовникова 39a,1,25,4/5,Дов. дом,23900
2025-03-03,центр,Катринас Д. 20/1,1,30,5/5,Хрущ.,35000
2025-03-03,центр,Авоту 65a,1,23,2/2,Дов. дом,27000
2025-03-03,центр,Авоту 65a,1,32,2/2,Дов. дом,35000
2025-03-03,Вецрига,Смилшу 10,3,125,6/6,Рекон.,275000
2025-03-03,Агенскалнс,Кугю 26,3,110,3/5,Рекон.,270000
2025-03-03,Межапарк,Эзермалас 4,2,23,5/5,Рекон.,31050
2025-03-03,Межапарк,Эзермалас 4,2,21,4/5,Спец. пр.,28428
2025-03-03,Агенскалнс,Кристапа 8,1,12,1/4,М. сем.,18000
2025-03-03,Плявниеки,Улброкас 12k2,2,65,8/8,Нов.,107000
2025-03-03,центр,Авоту 2,5,90,2/6,Дов. дом,99000
2025-03-03,Межциемс,Веца Бикерниеку 39,3,110,1/4,Нов.,179000
2025-03-03,Пурвциемс,Пуцес 47,2,87,2/8,Нов.,135000
2025-03-03,центр,Райня бульв. 3,4,132,1/6,Рекон.,263200
2025-03-03,Саркандаугава,Хапсалас 21,1,23,1/3,Дов. дом,15900
2025-03-03,Ильгюциемс,Палангас 7,2,49,1/5,Лит. пр.,39500
2025-03-03,центр,Бривибас 148,1,24,1/6,Сталинка,49000
2025-03-03,Болдерая,Гобас 35,3,54,5/5,Лит. пр.,35000
2025-03-03,Вецмилгравис,Ринкас 7,2,55,4/9,602-я,62000
2025-03-03,Зиепниеккалнс,Баускас 201,2,52,2/9,602-я,54000
2025-03-03,Вецмилгравис,Скую 12,2,51,5/5,Лит. пр.,29000
2025-03-03,Вецмилгравис,Вецмилгравья 6,2,36,4/5,Хрущ.,28000
2025-03-03,Вецмилгравис,Эммас 5,3,57,3/5,Лит. пр.,39000
2025-03-03,Иманта,Клеисту 15,2,49,1/9,602-я,54000
2025-03-03,центр,Катринас Д. 17,3,192,6/6,Нов.,255000
2025-03-03,Агенскалнс,Мерсрага 9A,2,52,1/3,Рекон.,83360
2025-03-03,Агенскалнс,Мерсрага 9A,5,116,3/3,Рекон.,159800
2025-03-03,центр,Гертрудес 5a,5,162,4/5,Дов. дом,220000
2025-03-03,Иманта,Анниньмуйжас 38,2,117,1/24,Нов.,103000
2025-03-03,центр,Ластадияс 31,2,49,3/6,Нов.,142000
2025-03-03,Биерини,Вецсаулес 4,2,59,2/2,Дов. дом,25000
2025-03-03,Дзегужкалнс,Усмас 19,3,80,1/7,Нов.,155000
2025-03-03,Пурвциемс,Стайцелес 1/2,2,54,1/9,602-я,55000
2025-03-03,Плявниеки,Сахарова 17,1,50,10/12,104-я,50000
2025-03-03,центр,Стабу 46/48,4,119,3/6,Дов. дом,272000
2025-03-03,центр,Алаукста 2,2,54,5/5,103-я,125000
2025-03-03,Межциемс,Целму 5,3,54,4/5,Лит. пр.,65000
2025-03-03,центр,Цесу 5b,2,43,3/6,Дов. дом,81000
2025-03-03,Кенгарагс,Авиацияс 23k1,1,39,8/12,М. сем.,45000
2025-03-03,Вецмилгравис,Вецмилгравья 8,2,38,2/5,Хрущ.,29500
2025-03-03,Болдерая,Лемешу 2A,3,56,2/2,Спец. пр.,32000
2025-03-03,Кенгарагс,Икшкилес 4,2,44,1/5,Лит. пр.,43500
2025-03-03,Плявниеки,Илукстес 6,1,43,1/5,М. сем.,29000
2025-03-03,Даугавгрива,Парадес 7,2,53,4/5,103-я,40700
2025-03-03,Агенскалнс,М. Нометню 11a,1,28,2/3,Дов. дом,19000
2025-03-03,Вецмилгравис,Вецмилгравья 1 л. 26,3,56,4/5,Лит. пр.,55000
2025-03-03,Плявниеки,Деглава 164,2,52,6/9,602-я,67941
2025-03-03,Плявниеки,Салнас 9,3,63,1/9,602-я,63000
2025-03-03,Саркандаугава,Зиемелю 3,2,52,2/5,Спец. пр.,58000
2025-03-03,Югла,Вангажу 15,1,28,5/12,Чеш. пр.,36000
2025-03-03,центр,Латгалес 121,3,47,2/6,Рекон.,79000
2025-03-03,центр,Садовникова 29a,4,110,5/6,Рекон.,190000
2025-03-03,Кенгарагс,Аглонас 16,3,58,1/5,Хрущ.,42500
2025-03-03,Кенгарагс,Латгалес 250\11,2,39,5/5,Лит. пр.,40000
2025-03-03,центр,Сколас 4,5,152,4/5,Дов. дом,390000
2025-03-03,Югла,Бривибас 373,2,41,4/5,Хрущ.,37000
2025-03-03,Засулаукс,Тапешу 19,3,57,5/5,Хрущ.,73000
2025-03-03,Плявниеки,Ренцену 40,1,19,2/4,Спец. пр.,19500
2025-03-03,центр,Бривибас 39А,3,102,5/6,Рекон.,225000
2025-03-03,центр,Красотаю 6,3,87,3/4,Рекон.,134550
2025-03-03,Берги,Яунибас 11,4,144,3/3,Нов.,179000
2025-03-03,центр,Катринас Д. 27,2,45,6/12,Спец. пр.,90600
2025-03-03,центр,Аусекля 4,4,155,7/7,Рекон.,400000
2025-03-03,Кливерсала,Кугю 28,3,133,1/7,Нов.,599000
2025-03-03,центр,Гану 2,6,225,4/5,Рекон.,330000
2025-03-03,Зиепниеккалнс,Озолциема 32/3,3,61,3/9,602-я,59000
2025-03-03,Кенгарагс,Латгалес 385,1,30,1/3,Сталинка,24000
2025-03-03,Межциемс,Хипократа 13,3,74,7/16,104-я,69000
2025-03-03,Межциемс,Лидума 8A,2,81,2/5,Нов.,139000
2025-03-03,Югла,Циемупес 1,3,129,1/10,Нов.,159000
2025-03-03,центр,Сколас 30,4,114,5/6,Дов. дом,210000
2025-03-03,р-он,ул. Латгалес Даугавпилс 76,2,44,2/5,Дов. дом,55000
2025-03-03,центр,Томсона 39/1,3,120,6/9,Нов.,255000
2025-03-03,Югла,М. Юглас 3A,2,86,2/3,Нов.,140000
2025-03-03,Саркандаугава,Слиежу 33,1,30,1/5,Хрущ.,26000
2025-03-03,Межциемс,Хипократа 9,3,74,3/16,104-я,110000
2025-03-03,Тейка,Раунас 58 k-3,1,37,1/3,Сталинка,34000
2025-03-03,Кенгарагс,Латгалес 301,2,51,4/12,Чеш. пр.,55000
2025-03-03,центр,Ганибу Д. 17,2,54,4/4,Сталинка,69900
2025-03-03,Кенгарагс,Аглонас 27,2,44,5/5,Хрущ.,34000
2025-03-03,р-он,ул. Латгалес Ерсикас 21,3,57,4/6,Рекон.,89000
2025-03-03,Золитуде,Лейиня 14,2,58,9/9,119-я,82000
2025-03-03,Болдерая,Доломита 2,2,50,5/5,Спец. пр.,36500
2025-03-03,р-он,ул. Латгалес Даугавпилс 21,2,50,3/5,Дов. дом,110000
2025-03-03,Межциемс,Эйзенштейна 69,2,50,7/9,602-я,45000
2025-03-03,центр,11 ноября наб. 9,1,26,1/2,Дов. дом,25000
2025-03-03,центр,Клуса 21,1,20,1/4,Дов. дом,30000
2025-03-03,Ильгюциемс,Буллю 20,1,31,2/2,Спец. пр.,23000
2025-03-03,Дзегужкалнс,Эйженияс 17,2,60,3/5,Нов.,142000
2025-03-03,Вецрига,Мейстару 6,1,40,1/5,Дов. дом,76000
2025-03-03,Пурвциемс,Стайцелес 17,1,30,5/5,Лит. пр.,35400
2025-03-03,Иманта,Клеисту 18,3,66,2/5,Лит. пр.,65000
2025-03-03,Саркандаугава,Виестура пр. 31,2,46,3/9,Спец. пр.,45000
2025-03-03,Югла,Квелес 15/15,3,59,2/5,Лит. пр.,56000
2025-03-03,р-н,ул.Краста Салацас 3,1,17,2/2,Дов. дом,12000
2025-03-03,центр,Аусекля 8,4,136,2/6,Спец. пр.,220000
2025-03-03,центр,Бривибас 111,3,78,4/5,Дов. дом,130000
2025-03-03,Иманта,Прогреса 2A,1,49,1/12,104-я,55000
2025-03-03,Зиепниеккалнс,Путну 20,2,48,1/3,Хрущ.,49900
2025-03-03,Межапарк,Кемпес 1,2,53,6/12,Спец. пр.,66500
2025-03-03,р-н,ул.Краста Плявиню 15,1,32,5/9,467-я,47000
2025-03-03,центр,Стабу 19,3,61,4/5,Дов. дом,168900
2025-03-03,Шампетерис-Плескодале,Спарес 14,2,62,2/3,Рекон.,98500
2025-03-03,Агенскалнс,Спарес 14,2,49,1/2,Рекон.,115885
2025-03-03,Пурвциемс,Дзелзавас 23,3,62,4/9,602-я,49500
2025-03-03,Агенскалнс,Пукю 7,3,71,1/2,Дов. дом,149000
2025-03-03,центр,Стабу 50,2,63,1/6,Дов. дом,115000
2025-03-03,Иманта,Курземес пр. 126,2,49,5/9,602-я,61900
2025-03-03,Пурвциемс,Упеню 21,2,53,1/7,Нов.,115000
2025-03-03,Ильгюциемс,Даугавгривас 55,1,30,2/2,Дов. дом,25900
2025-03-03,Зиепниеккалнс,Брукнас 12,3,77,1/10,119-я,67000
2025-03-03,Золитуде,Анниньмуйжас 7,2,54,11/13,Нов.,94000
2025-03-03,Золитуде,Приедайнес 13,2,66,4/4,Нов.,135000
2025-03-03,центр,Барона 129,3,54,3/6,Рекон.,135000
2025-03-03,Чиекуркалнс,Эзермалас 2a,2,49,3/12,Чеш. пр.,50000
2025-03-03,р-н,ул.Краста Латгалес 121,3,57,4/6,Рекон.,89000
2025-03-03,Вецрига,Шкюню 6,1,42,3/4,Рекон.,142000
2025-03-03,Плявниеки,Деглава 5,3,79,3/9,Нов.,118498
2025-03-03,центр,Латгалес 121,3,57,4/5,Рекон.,89000
2025-03-03,Пурвциемс,Унияс 71,3,80,1/9,Спец. пр.,63498
2025-03-03,Зиепниеккалнс,Виенибас Г. 87,3,115,3/3,Рекон.,192000
2025-03-03,Вецмилгравис,Калнгалес 8,2,53,6/9,602-я,40500
2025-03-03,Дарзциемс,Сеску 7,1,42,5/5,М. сем.,38000
2025-03-03,Агенскалнс,Нометню 32,2,66,2/4,Нов.,119990
2025-03-03,центр,Ганибу Д. 15А,1,30,3/5,Дов. дом,35400
2025-03-03,Саркандаугава,Хапсалас 15,2,58,4/8,Спец. пр.,79600
2025-03-03,Шампетерис-Плескодале,Калнциема 116a,2,63,3/3,Сталинка,120000
2025-03-03,Агенскалнс,Калнциема 116a,2,63,3/3,Сталинка,120000
2025-03-03,Пурвциемс,Вайдавас 3,1,30,5/5,Лит. пр.,30000
2025-03-03,центр,Латгалес 121,3,57,4/6,Рекон.,89000
2025-03-03,Аплокциемс,Чиекуру 3,1,34,2/3,Нов.,90990
2025-03-03,центр,Райня бульв. 27,2,52,5/6,Рекон.,216204
2025-03-03,Тейка,Бривибас 225a,2,46,5/5,Хрущ.,44900
2025-03-03,Вецмилгравис,Ванадзиня Г. 2,3,55,4/5,Лит. пр.,45800
2025-03-03,Иманта,Анниньмуйжас 41,4,107,10/24,Нов.,230000
2025-03-03,Иманта,Анниньмуйжас 30,4,124,11/13,Спец. пр.,179000
2025-03-03,Иманта,Слокас 203,2,50,7/9,602-я,55000
2025-03-03,Пурвциемс,Сеску 7-k1,2,40,5/5,М. сем.,72900
2025-03-03,центр,Чака 134,2,76,4/6,Нов.,180000
2025-03-03,Кенгарагс,Аглонас 14,3,60,4/5,Лит. пр.,45500
2025-03-03,Золитуде,Русес 5,3,80,9/9,119-я,92000
2025-03-03,Плявниеки,Руденс 3,4,78,2/9,602-я,69900
2025-03-03,Тейка,Бривибас 201,2,55,3/5,Нов.,118900
2025-03-03,Тейка,Бривибас 201,3,73,2/5,Нов.,127900
2025-03-03,Тейка,Бривибас 201,4,97,2/5,Нов.,194900
2025-03-03,Плявниеки,Дравниеку 3,4,86,10/10,Нов.,177282
2025-03-03,Вецмилгравис,Мелидас 11,4,79,3/9,602-я,67000
2025-03-03,Тейка,Бривибас 201,2,38,4/5,Нов.,78900
2025-03-03,Мангали,Морес 34,2,48,2/2,Хрущ.,38000
2025-03-03,центр,Стабу 29,3,85,5/5,Рекон.,189000
2025-03-03,центр,Клияну 20,2,37,2/8,Рекон.,29624
2025-03-03,р-он,ул. Латгалес Краславас 14,2,36,2/7,Нов.,88750
2025-03-03,Агенскалнс,Баложу 11,3,50,1/3,Рекон.,180000
2025-03-03,центр,Стабу 105,2,52,5/7,Дов. дом,79000
2025-03-03,Саркандаугава,Виестура пр. 45,1,35,7/9,Спец. пр.,44800
2025-03-03,Болдерая,Гобас 24,2,54,5/5,103-я,36000
2025-03-03,Агенскалнс,Марупес 6,3,66,4/4,Рекон.,135450
2025-03-03,центр,Аусекля 2,5,247,1/5,Рекон.,988000
2025-03-03,Пурвциемс,Иерикю 37,3,56,1/5,Лит. пр.,45000
2025-03-03,Кенгарагс,Крустпилс 77,2,43,2/3,Хрущ.,27000
2025-03-03,центр,Гану 6,1,37,1/5,Дов. дом,89000
2025-03-03,Мангали,Эзера 17,2,39,1/2,Рекон.,32000
2025-03-03,Агенскалнс,Добелес 4a,3,58,1/2,Дов. дом,49000
2025-03-03,Агенскалнс,Маргриетас 16,2,97,3/3,Дов. дом,131000
2025-03-03,Торнякалнс,Виенибас Г. 64,5,210,1/3,Ч. дом,28600
2025-03-03,Шампетерис-Плескодале,Лиелирбес 13,2,68,8/30,Нов.,150000
2025-03-03,Агенскалнс,Марупес 6,2,37,1/2,Рекон.,54133
2025-03-03,центр,Весетас 26,2,45,1/10,Нов.,150000
2025-03-03,Зиепниеккалнс,Озолциема 46 k-5,2,50,1/9,602-я,59000
2025-03-03,центр,Ленчу 2,2,45,1/6,Дов. дом,140000
2025-03-03,Золитуде,Русес 1,3,78,7/9,119-я,81900
2025-03-03,центр,Райня бульв. 31,5,156,2/6,Дов. дом,270000
2025-03-03,Зиепниеккалнс,Биксту 6,3,86,3/6,Нов.,105000
2025-03-03,центр,Миера 10,4,136,5/5,Дов. дом,210000
2025-03-03,Кенгарагс,Вишкю 13,1,31,2/5,Лит. пр.,37000
2025-03-03,Саркандаугава,Слиежу 33,2,46,1/5,Хрущ.,30500
2025-03-03,центр,Лугажу 4,3,63,4/5,Лит. пр.,75700
2025-03-03,Вецрига,Смилшу 10,3,131,5/6,Рекон.,350000
2025-03-03,центр,Пулкв. Бриежа 7,4,124,6/7,Рекон.,315000
2025-03-03,центр,Дзирнаву 53,4,116,4/6,Дов. дом,345000
2025-03-03,р-он,ул. Латгалес Краславас 14,2,35,2/6,Нов.,85750
2025-03-03,центр,Рупниецибас 50,3,95,4/7,Нов.,240000
2025-03-03,центр,Эвелес 4,3,63,1/4,Дов. дом,169000
2025-03-03,центр,Стабу 95 k-1,2,50,2/5,Рекон.,76000
2025-03-03,центр,Пулкв. Бриежа 15,4,111,4/7,Рекон.,354240
2025-03-03,Ильгюциемс,Буллю 35a,2,38,5/5,Лит. пр.,33500
2025-03-03,Плявниеки,Ясмуйжас 9,4,74,8/9,467-я,89800
2025-03-03,Зиепниеккалнс,Озолциема 42,1,35,6/9,602-я,32500
2025-03-03,Плявниеки,Салнас 21,2,45,1/9,Нов.,85000
2025-03-03,Золитуде,Лейиня 22,2,58,7/10,119-я,57000
2025-03-03,Вецмилгравис,Сниега 2,3,56,4/5,Лит. пр.,60000
2025-03-03,Вецмилгравис,Мелидас 3,2,49,5/5,Лит. пр.,32000
2025-03-03,Иманта,Анниньмуйжас 41,4,96,11/24,Нов.,190000
2025-03-03,Золитуде,Золитудес 46/2,4,90,6/9,119-я,80000
2025-03-03,Дзегужкалнс,Даугавгривас 55,1,30,2/2,Рекон.,25900
2025-03-03,р-он,ул. Латгалес Лаувас 7,2,38,1/4,Рекон.,74000
2025-03-03,р-он,ул. Латгалес Лаувас 7,3,65,3/4,Рекон.,130000
2025-03-03,Кенгарагс,Вишкю 9,2,47,4/5,Лит. пр.,48000
2025-03-03,р-он,ул. Латгалес Лаувас 7,2,37,2/4,Рекон.,77790
2025-03-03,центр,Валдемара 121,2,46,1/5,Дов. дом,55000
2025-03-03,Чиекуркалнс,Чиекуркална 2 л. 67,1,25,1/2,Дов. дом,27000
2025-03-03,Зиепниеккалнс,Баускас 61,2,50,1/2,Дов. дом,34000
2025-03-03,центр,Базницас 41/43,-,99,1/7,Спец. пр.,150000
2025-03-03,Агенскалнс,Узварас бульв. 5,1,39,2/5,Спец. пр.,55600
2025-03-03,Плявниеки,Лубанас 59,3,63,1/5,Спец. пр.,69900
2025-03-03,Дарзциемс,Дарзциема 131,3,63,1/5,103-я,69900
2025-03-03,Дарзциемс,Дарзциема 131,3,63,1/5,Спец. пр.,69900
2025-03-03,Ильгюциемс,Скуйенес 9,3,58,3/5,Хрущ.,68000
2025-03-03,Вецмилгравис,Мелидас 6к2,3,55,3/5,Лит. пр.,45000
2025-03-03,Саркандаугава,Хапсалас 5,1,18,4/5,Спец. пр.,16000
2025-03-03,центр,Гертрудес 65/2,3,60,2/7,Нов.,147000
2025-03-03,Межциемс,Бикерниеку 250,2,38,2/2,Дов. дом,15490
2025-03-03,Агенскалнс,Лапу 8,2,52,2/2,Дов. дом,82000
2025-03-03,Межапарк,Виестура пр. 33,1,35,8/9,Спец. пр.,31500
2025-03-03,центр,Чака 134,3,74,6/7,Нов.,190000
2025-03-03,центр,Лачплеша 54,3,100,4/6,Дов. дом,235000
2025-03-03,Зиепниеккалнс,Ислицес 3,2,54,1/8,119-я,46000
2025-03-03,Золитуде,Золитудес 75,2,70,4/6,Нов.,125900
2025-03-03,Зиепниеккалнс,Малу 18,2,45,1/4,Нов.,94250
2025-03-03,центр,Рупниецибас 50,5,138,6/7,Нов.,399000
2025-03-03,Шампетерис-Плескодале,Залвес 47,3,132,4/5,Нов.,325000
2025-03-03,центр,Блауманя 11/13,5,128,2/5,Дов. дом,255800
2025-03-03,центр,Барона 96/98,1,33,1/5,Дов. дом,47500
2025-03-03,Вецмилгравис,Балтасбазницас 31,2,42,1/3,Хрущ.,32000
2025-03-03,р-н,ул.Краста Салацас 16,3,71,1/16,467-я,72000
2025-03-03,центр,Бривибас 84,2,44,3/6,Дов. дом,67000
2025-03-03,центр,Пушкина 1,3,73,6/6,Рекон.,95030
2025-03-03,Золитуде,Биезиня 11,3,81,7/10,119-я,69000
2025-03-03,центр,Чака 44,4,135,5/5,Рекон.,230000
2025-03-03,Пурвциемс,Раунас 45k-3,2,41,4/4,Хрущ.,59999
2025-03-03,центр,Миера 95,2,39,4/5,Дов. дом,49500
2025-03-03,Даугавгрива,Звиню 7,1,33,4/5,103-я,26000
2025-03-03,Ильгюциемс,Спилвес 35,3,70,3/5,Лит. пр.,75000
2025-03-03,Плявниеки,Салнас 10,1,41,5/9,602-я,48800
2025-03-03,Кенгарагс,Прушу 73,3,60,5/5,Лит. пр.,45000
2025-03-03,Тейка,Бривибас 239,1,27,5/5,Спец. пр.,33800
2025-03-03,Аплокциемс,Чиекуру 3,4,130,4/4,Нов.,305735
2025-03-03,Агенскалнс,Номалес 7,1,30,1/5,Хрущ.,32000
2025-03-03,Кенгарагс,Прушу 3k5,4,60,1/5,Лит. пр.,52500
2025-03-03,Кенгарагс,Вишкю 13,1,30,5/5,Лит. пр.,35000
2025-03-03,Вецмилгравис,Ванадзиня Г. 4,3,56,4/5,Лит. пр.,39000
2025-03-03,Пурвциемс,Стирну 13 b,2,39,5/5,Лит. пр.,45000
2025-03-03,Иманта,Анниньмуйжас 32,3,110,5/18,Спец. пр.,139000
2025-03-03,Пурвциемс,Бранткална 19,4,100,8/12,104-я,115000
2025-03-03,Агенскалнс,М. Нометню 24,2,47,3/5,Рекон.,131670
2025-03-03,центр,Гертрудес 22,5,203,5/6,Дов. дом,335000
2025-03-03,центр,Блауманя 29,2,48,6/6,Дов. дом,71000
2025-03-03,центр,Дзирнаву 53,2,35,2/6,Рекон.,138832
2025-03-03,центр,Дзирнаву 53,3,128,2/6,Рекон.,377190
2025-03-03,центр,Бруниниеку 12,2,59,5/5,Рекон.,145000
2025-03-03,Даугавгрива,Бирзес 46,3,70,1/5,103-я,50000
2025-03-03,р-н,ул.Краста Коюсалас 17,1,35,2/12,Чеш. пр.,36960
2025-03-03,Кенгарагс,Яняварту 11,3,70,2/2,Дов. дом,35000
2025-03-03,центр,Аусекля 14,3,83,2/6,Рекон.,329000
2025-03-03,центр,Бривибас 95,3,74,2/3,Дов. дом,178580
2025-03-03,Болдерая,Гобас 8,1,30,1/2,Дов. дом,8765
2025-03-03,Болдерая,Текстилниеку 1,1,34,4/5,Лит. пр.,24800
2025-03-03,центр,Клуса 21,1,24,1/6,Дов. дом,15000
2025-03-03,Даугавгрива,Парадес 1B,2,47,1/2,Дов. дом,20880
2025-03-03,Зиепниеккалнс,Баускас 170,1,27,2/2,Дов. дом,14680
2025-03-03,Агенскалнс,М. Нометню 24,1,28,1/5,Рекон.,69970
2025-03-03,центр,Бруниниеку 68,2,36,1/2,Дов. дом,34690
2025-03-03,центр,Бривибас 72k2,4,107,2/6,Дов. дом,171000
2025-03-03,центр,Бривибас 132,3,83,2/3,Дов. дом,130000
2025-03-03,центр,Катринас Д. 6,2,43,1/3,Рекон.,78840
2025-03-03,Вецрига,Калькю 2,2,55,4/5,Спец. пр.,155000
2025-03-03,Агенскалнс,Кулдигас 32,3,86,5/5,Рекон.,231900
2025-03-03,Агенскалнс,Кулдигас 32,3,96,5/5,Рекон.,254900
2025-03-03,Югла,Страздмуйжас 14,2,49,2/4,Нов.,116500
2025-03-03,центр,Барона 6,2,45,4/6,Рекон.,162000
2025-03-03,центр,Пернавас 1,3,77,5/5,Сталинка,139000
2025-03-03,центр,Чака 45,3,57,1/3,Дов. дом,89900
2025-03-03,Кенгарагс,Латгалес 315,1,36,4/12,Чеш. пр.,62000
2025-03-03,Пурвциемс,Дзелзавас 33,2,45,5/5,Лит. пр.,38000
2025-03-03,центр,Бирзниека-Упиша 13,3,78,2/7,Нов.,235000
2025-03-03,Кундзиньсала,Кундзиньсалас 16 л. 24,1,30,1/1,Дов. дом,25000
2025-03-03,Торнякалнс,Вея 33,3,52,1/3,Нов.,132000
2025-03-03,Торнякалнс,Вея 33,3,67,3/3,Нов.,174900
2025-03-03,Плявниеки,Деглава 108/3,1,42,3/9,119-я,54600
2025-03-03,Аплокциемс,Бриежу 7,1,27,1/6,Нов.,55599
2025-03-03,р-он,ул. Латгалес Элияс 26,2,33,6/6,Нов.,89900
2025-03-03,центр,Томсона 33,3,64,4/5,Рекон.,134810
2025-03-03,центр,Аусекля 5,6,240,5/6,Рекон.,890000
2025-03-03,Вецрига,Екаба 26/28,3,67,2/5,Дов. дом,180000
2025-03-03,Берги,Бривибас 446,4,186,3/4,Нов.,290000
2025-03-03,р-он,ул. Латгалес Краславас 14,1,23,1/5,Нов.,57885
2025-03-03,Кенгарагс,Латгалес 425,3,60,1/9,467-я,67300
2025-03-03,Ильгюциемс,Риексту 16,3,54,1/5,Лит. пр.,60000
2025-03-03,Даугавгрива,Звиню 5,2,51,3/5,103-я,33000
2025-03-03,Вецмилгравис,Балтасбазницас 31,2,47,2/2,Спец. пр.,37000
2025-03-03,центр,Алаукста 7,2,35,4/4,Рекон.,105000
2025-03-03,центр,Пулкв. Бриежа 21,2,108,3/7,Нов.,268000
2025-03-03,Агенскалнс,Алисес 5,2,40,5/5,Рекон.,95000
2025-03-03,Межапарк,Кокнесес пр. 4,3,139,6/12,Нов.,280000
2025-03-03,Вецрига,Скарню 9,2,81,4/6,Дов. дом,250000
2025-03-03,Агенскалнс,Зеллю 13,3,57,3/4,Рекон.,158760
2025-03-03,центр,Элияс 26,2,60,2/6,Нов.,160000
2025-03-03,Дарзциемс,Дарзциема 86k1,2,43,1/2,Сталинка,50000
2025-03-03,Кенгарагс,Латгалес 429,3,61,1/5,Лит. пр.,39400
2025-03-03,Агенскалнс,Баложу 28,2,39,2/3,Рекон.,98000
2025-03-03,Агенскалнс,Баложу 28,1,23,2/3,Рекон.,58000
2025-03-03,центр,Артилерияс 7,4,139,5/6,Дов. дом,195000
2025-03-03,Саркандаугава,Зиемелю 20,1,37,5/5,Рекон.,38000
2025-03-03,р-он,ул. Латгалес Ерсикас 21,3,57,5/6,Рекон.,84500
2025-03-03,Биерини,Далию 23a,4,88,2/3,Нов.,265000
2025-03-03,Межциемс,Лидума 8a,2,109,3/5,Нов.,199500
2025-03-03,Вецмилгравис,Мелидас 1,1,43,2/5,Лит. пр.,23500
2025-03-03,центр,Садовникова 25,3,47,2/6,Рекон.,79000
2025-03-03,Шампетерис-Плескодале,Ирлавас 26,3,74,6/6,Спец. пр.,75000
2025-03-03,Югла,Бривибас 430,3,53,2/5,Спец. пр.,68000
2025-03-03,Гризинькалнс,Звайгжню 13,1,25,1/5,Дов. дом,42000
2025-03-03,центр,Садовникова 25,3,57,4/6,Рекон.,89000
2025-03-03,р-он,ул. Латгалес Ерсикас 21,3,47,2/6,Рекон.,79000
2025-03-03,р-он,ул. Латгалес Ерсикас 21,3,47,2/6,Рекон.,79000
2025-03-03,Плявниеки,Лубанас 41,3,93,1/2,Сталинка,98700
2025-03-03,Югла,Квелес 25,2,47,2/5,Хрущ.,47000
2025-03-03,Ильгюциемс,Вайделотес 13,2,43,4/5,Хрущ.,39900
2025-03-03,Иманта,Думбрая 18,4,97,1/4,Нов.,200000
2025-03-03,Иманта,Анниньмуйжас 43,3,129,5/24,Нов.,228000
2025-03-03,Чиекуркалнс,Эзермалас 4,2,21,4/5,Рекон.,28428
2025-03-03,Пурвциемс,Стирну 35,2,50,8/9,602-я,53800
2025-03-03,Вецмилгравис,Балтасбазницас 31,2,48,1/3,Хрущ.,32000
2025-03-03,Кенгарагс,Аглонас 11,2,46,4/4,Нов.,110000
2025-03-03,центр,Экспорта 2A,3,73,2/5,Рекон.,168000
2025-03-03,Агенскалнс,Дрейлиню 20,2,40,3/5,Хрущ.,58000
2025-03-03,Пурвциемс,Упеню 17,3,82,2/9,Нов.,160000
2025-03-03,Кенгарагс,Булту 3,3,78,3/9,467-я,81500
2025-03-03,центр,Рупниецибас 33,2,56,1/7,Нов.,176000
2025-03-03,центр,Рупниецибас 33,3,70,3/7,Нов.,245900
2025-03-03,центр,Рупниецибас 33,3,75,3/7,Нов.,258000
2025-03-03,центр,Рупниецибас 33,4,95,2/5,Нов.,335200
2025-03-03,центр,Стабу 104,3,61,1/5,Лит. пр.,82000
2025-03-03,Кенгарагс,Латгалес 279к5.5,2,45,5/5,Лит. пр.,33750
2025-03-03,Зиепниеккалнс,Озолциема 46k3,3,63,2/9,602-я,61000
2025-03-03,центр,Чака 96,3,95,2/5,Нов.,302000
2025-03-03,Саркандаугава,Аптиекас 6,2,47,5/5,Сталинка,43000
2025-03-03,центр,Бруниниеку 72a,-,212,1/5,Дов. дом,159000
2025-03-03,Даугавгрива,Парадес 2/1,2,46,3/5,103-я,30000
2025-03-03,Биерини,Лиепаяс 37,2,40,1/2,Дов. дом,44000
2025-03-03,Чиекуркалнс,Чиекуркална 3 п. л. 25,2,57,3/9,103-я,65000
2025-03-03,Иманта,Юрмалас Г. 74,4,84,1/3,Нов.,210200
2025-03-03,Агенскалнс,Ранькя Д. 5,3,74,1/5,Нов.,259900
2025-03-03,Агенскалнс,Ранькя Д. 5,1,30,1/5,Нов.,99900
2025-03-03,центр,Миера 50,2,36,1/2,Дов. дом,53000
2025-03-03,центр,Чака 146,2,54,2/5,Дов. дом,89000
2025-03-03,Тейка,Бривибас 209,2,55,2/5,Дов. дом,65000
2025-03-03,Кенгарагс,Прушу 21,1,30,3/4,Хрущ.,24500
2025-03-03,центр,Госпиталю 8,6,180,5/6,Спец. пр.,349900
2025-03-03,центр,Лачу 2A,1,40,3/3,Рекон.,80000
2025-03-03,центр,Антонияс 26,4,101,4/6,Рекон.,330000
2025-03-03,центр,Бривибас 66,2,52,6/6,Дов. дом,99000
2025-03-03,Межапарк,Эзермалас 2a,1,35,9/12,Чеш. пр.,42800
2025-03-03,центр,Марияс 14,3,37,5/5,Рекон.,115630
2025-03-03,центр,Марияс 14,1,21,3/5,Рекон.,68970
2025-03-03,Шампетерис-Плескодале,Лиелирбес 13,3,90,18/30,Нов.,200000
2025-03-03,центр,Я. Далиня 8,3,159,19/23,Нов.,375000
2025-03-03,Югла,Бривибас 411,1,27,3/5,Хрущ.,39000
2025-03-03,Агенскалнс,Марупес 6,2,69,4/5,Рекон.,152000
2025-03-03,Кенгарагс,Вишкю 9,1,29,1/5,Лит. пр.,23000
2025-03-03,Югла,Маркалнес 5,1,17,2/5,Спец. пр.,20800
2025-03-03,Кенгарагс,Прушу 46,4,119,10/10,Нов.,237600
2025-03-03,Тейка,Бривибас 235,4,90,2/4,Дов. дом,126000
2025-03-03,Тейка,Бривибас 235,2,48,4/5,Дов. дом,62000
2025-03-03,Мангали,Эзера 9,3,86,3/4,Сталинка,73000
2025-03-03,Межциемс,Хипократа 18,2,46,3/6,Нов.,112200
2025-03-03,Межциемс,Хипократа 18,2,53,6/6,Нов.,129200
2025-03-03,Межциемс,Хипократа 18,3,62,3/6,Нов.,156600
2025-03-03,Межциемс,Хипократа 24,3,64,1/5,Нов.,169000
2025-03-03,Агенскалнс,Ранькя Д. 34,3,95,13/23,Нов.,291000
2025-03-03,Дарзциемс,Ситас 48,1,39,5/5,М. сем.,30000
2025-03-03,центр,Латгалес 131,3,140,2/4,Дов. дом,96000
2025-03-03,Межапарк,Инчукална 2,2,68,4/4,Рекон.,167000
2025-03-03,Вецрига,Вагнера 12,2,48,1/5,Дов. дом,139000
2025-03-03,Плявниеки,Каудзишу 10,3,63,5/9,602-я,65000
2025-03-03,Саркандаугава,Патверсмес 7,1,26,4/5,Хрущ.,25000
2025-03-03,Агенскалнс,Ранькя Д. 34,4,110,13/22,Нов.,393000
2025-03-03,Ильгюциемс,Гривас 19,2,40,1/5,Хрущ.,31000
2025-03-03,центр,Тербатас 20,4,108,3/6,Дов. дом,230000
2025-03-03,центр,Сколас 38,5,150,6/7,Рекон.,285000
2025-03-03,Болдерая,Стурманю 5,3,55,5/5,Лит. пр.,52000
2025-03-03,Ильгюциемс,Риексту 7,1,38,5/5,М. сем.,23000
2025-03-03,центр,Ганибу Д. 16,1,16,1/2,Дов. дом,25500
2025-03-03,Саркандаугава,Патверсмес 5/1,2,44,3/5,Дов. дом,40000
2025-03-03,Плявниеки,Земес 2,3,64,9/9,602-я,55500
2025-03-03,Пурвциемс,Мадонас 2,3,66,3/5,Нов.,135000
2025-03-03,Плявниеки,Дравниеку 1/1,2,52,5/9,Нов.,129000
2025-03-03,Ильгюциемс,Бенес 2,3,54,1/5,Лит. пр.,56350
2025-03-03,центр,Катринас Д. 26 k1,1,29,2/4,Хрущ.,44555
2025-03-03,Иманта,Клеисту 17,2,51,6/9,602-я,37500
2025-03-03,центр,Госпиталю 7,1,35,2/5,103-я,44800
2025-03-03,центр,Элизабетес 22,3,75,6/6,Рекон.,230000
2025-03-03,Межапарк,Эзермалас 27,1,34,12/12,Спец. пр.,58000
2025-03-03,Плявниеки,Руденс 5,3,62,2/9,602-я,71000
2025-03-03,Саркандаугава,Аптиекас 11,2,135,1/3,Рекон.,69000
2025-03-03,Тейка,Бривибас 201,2,50,1/5,Рекон.,78500
2025-03-03,Тейка,Бривибас 201,2,57,3/5,Нов.,121000
2025-03-03,Тейка,Бривибас 201,3,69,2/5,Нов.,139900
2025-03-03,центр,Валдемара 9A,3,82,2/2,Дов. дом,179000
2025-03-03,Тейка,Бривибас 201,4,93,2/5,Нов.,172500
2025-03-03,центр,Сколас 22a,4,114,5/6,Дов. дом,320000
2025-03-03,центр,Аугшиела 8,2,31,5/6,Рекон.,74950
2025-03-03,р-н,ул.Краста Салацас 3,1,22,2/2,Дов. дом,8800
2025-03-03,Чиекуркалнс,Тераудлиетувес 16,1,22,2/2,Дов. дом,31900
2025-03-03,Иманта,Юрмалас Г. 42,1,36,10/12,Чеш. пр.,43000
2025-03-03,Болдерая,Гобас 36,2,46,3/5,103-я,37000
2025-03-03,центр,Лачплеша 54,4,127,5/6,Дов. дом,160000
2025-03-03,р-н,ул.Краста Латгалес 31,2,33,6/6,Нов.,89900
2025-03-03,Вецмилгравис,Мелдру 10,1,30,4/4,Хрущ.,17900
2025-03-03,центр,Бривибас 99,3,100,5/6,Дов. дом,124400
2025-03-03,Иманта,Слокас 130,3,82,6/8,Нов.,196000
2025-03-03,Кенгарагс,Рушону 30,2,47,4/5,Хрущ.,36000
2025-03-03,Пурвциемс,Илукстес 107,4,74,7/9,602-я,79000
2025-03-03,Саркандаугава,Целиниеку 18,2,42,5/5,Хрущ.,28500
2025-03-03,Пурвциемс,Дзелзавас 29,2,37,5/5,Лит. пр.,38000
2025-03-03,Агенскалнс,Вентспилс 25,1,28,2/2,Дов. дом,9500
2025-03-03,Вецрига,Пейтавас 5,2,80,2/6,Рекон.,158000
2025-03-03,центр,Гоголя 10,2,60,3/5,Дов. дом,85000
2025-03-03,Иманта,Анниньмуйжас 7,2,63,1/13,Спец. пр.,89000
2025-03-03,Агенскалнс,Агенскална 4,2,82,5/5,Нов.,220000
2025-03-03,Чиекуркалнс,Тераудлиетувес 10,1,22,2/2,Дов. дом,13200
2025-03-03,Пурвциемс,Пуцес 13,2,49,1/2,Спец. пр.,70000
2025-03-03,Пурвциемс,Айнавас 2,3,62,4/5,Лит. пр.,63000
2025-03-03,Иманта,Юрмалас Г. 109,3,87,3/4,Нов.,160000
2025-03-03,центр,Клияну 5,2,64,6/6,Дов. дом,119500
2025-03-03,Тейка,Ваверес 4,4,172,3/3,Нов.,325000
2025-03-03,Вецмилгравис,Эммас 28,1,17,1/5,Рекон.,26000
2025-03-03,центр,Марияс 23,4,116,2/6,Дов. дом,160000
2025-03-03,центр,Бривибас 117,2,44,4/4,Дов. дом,67000
2025-03-03,Межциемс,Гайльэзера 4,3,64,6/9,602-я,59000
2025-03-03,Кенгарагс,Латгалес 256 k-2,1,31,5/5,Хрущ.,37500
2025-03-03,центр,Бривибас 146,1,31,2/5,Дов. дом,48800
2025-03-03,Плявниеки,Дзеню 10,5,93,1/9,602-я,73000
2025-03-03,центр,Заубес 9,4,350,7/7,Нов.,490000
2025-03-03,центр,Валдемара 123,2,52,4/6,Дов. дом,107400
2025-03-03,Шампетерис-Плескодале,Лиелирбес 11,3,93,1/24,Нов.,178600
2025-03-03,Торнякалнс,Цепля 9,2,24,3/3,Ч. дом,30000
2025-03-03,Иманта,Анниньмуйжас 2B,1,46,5/12,104-я,57500
2025-03-03,центр,Клуса 7,2,40,2/5,Дов. дом,67500
2025-03-03,Шампетерис-Плескодале,Калнциема 116C,1,30,3/4,Хрущ.,36000
2025-03-03,Межапарк,Остас пр. 6,2,47,2/5,Лит. пр.,41500
2025-03-03,центр,Пушкина 1,3,77,3/6,Дов. дом,97605
2025-03-03,центр,Бруниниеку 79C,2,53,1/5,Дов. дом,84000
2025-03-03,Плявниеки,Дравниеку 3,3,71,10/10,Нов.,156011
2025-03-03,Пурвциемс,Пуцес 14,5,147,2/2,Нов.,315000
2025-03-03,Зиепниеккалнс,Илмаяс 15,2,54,3/5,103-я,51000
2025-03-03,центр,Ноликтавас 1,2,56,5/5,Дов. дом,130000
2025-03-03,Даугавгрива,Бирзес 42,2,53,2/5,103-я,33800
2025-03-03,Иманта,Зентенес 28,2,37,5/5,Лит. пр.,45000
2025-03-03,Кенгарагс,Латгалес 256 k-2,2,45,1/5,Хрущ.,32500
2025-03-03,центр,Марияс 4,2,42,3/5,Рекон.,152205
2025-03-03,Плявниеки,Деглава 174,4,79,2/9,Нов.,163300
2025-03-03,Межциемс,Кайвас 29k1,2,56,3/4,Нов.,130000
2025-03-03,центр,Бривибас 159a,5,130,1/6,Дов. дом,129000
2025-03-03,Агенскалнс,Ранькя Д. 34,3,95,13/22,Нов.,291000
2025-03-03,Кенгарагс,Локомотивес 82,3,58,9/9,467-я,58900
2025-03-03,центр,Элияс 26,2,33,6/6,Нов.,89900
2025-03-03,центр,Ластадияс 31,2,40,6/6,Нов.,104900
2025-03-03,центр,Элияс 26,1,40,6/6,Нов.,91000
2025-03-03,Тейка,Бикерниеку 111,2,50,1/3,Спец. пр.,59500
2025-03-03,центр,Упес 10A,2,43,3/5,Хрущ.,68900
2025-03-03,Тейка,Кегума 39,4,86,3/4,Нов.,273000
2025-03-03,Зиепниеккалнс,Баускас 29k2,2,100,6/5,103-я,105000
2025-03-03,центр,Пулкв. Бриежа 9,5,221,6/7,Спец. пр.,475000
2025-03-03,центр,Клуса 7,1,31,3/5,Дов. дом,43000
2025-03-03,центр,Валдемара 100,2,56,2/5,Дов. дом,150000
2025-03-03,центр,Валдемара 100,-,369,2/5,Дов. дом,500000
2025-03-03,центр,Гертрудес 30,4,140,4/5,Дов. дом,240000
2025-03-03,Югла,Вангажу 28,3,76,1/12,Чеш. пр.,87000
2025-03-03,центр,Экспорта 4,6,177,1/5,Рекон.,198000
2025-03-03,центр,Лабораторияс 5,2,43,1/2,Нов.,107800
2025-03-03,р-он,ул. Латгалес Лудзас 52,1,36,1/5,Дов. дом,25500
2025-03-03,Саркандаугава,Виестура пр. 77,1,34,5/5,103-я,25000
2025-03-03,Пурвциемс,Стайцелес 11,4,74,1/9,602-я,60000
2025-03-03,Зиепниеккалнс,Картупелю 19,1,27,5/5,Рекон.,55000
2025-03-03,центр,Пиена 4,2,45,3/4,Рекон.,99000
2025-03-03,центр,Дзирнаву 31,2,64,5/6,Дов. дом,160000
2025-03-03,центр,Рупниецибас 44,4,208,4/7,Нов.,390000
2025-03-03,центр,Стабу 87,3,55,4/5,Дов. дом,96950
2025-03-03,Пурвциемс,Виршу 5,2,57,2/9,119-я,79000
2025-03-03,Кенгарагс,Икшкилес 16,4,61,4/5,Лит. пр.,55500
2025-03-03,Плявниеки,Дзеню 6,1,41,4/5,М. сем.,41000
2025-03-03,центр,Дайнас 10a,3,65,2/7,Нов.,207900
2025-03-03,центр,Дайнас 10a,2,42,4/7,Нов.,162900
2025-03-03,центр,Базницас 27/29,4,160,5/6,Рекон.,590000
2025-03-03,Пурвциемс,Андромедас Г. 5B,1,39,1/5,М. сем.,37600
2025-03-03,Шампетерис-Плескодале,Залвес 47,4,210,5/5,Нов.,390000
2025-03-03,центр,Цесу 13c,1,35,1/2,Дов. дом,44900
2025-03-03,центр,Стабу 71a,1,23,1/3,Дов. дом,24000
2025-03-03,центр,Лачплеша 11,4,279,7/7,Нов.,1950000
2025-03-03,Пурвциемс,Иерикю 66,2,63,1/9,Спец. пр.,49900
2025-03-03,Иманта,Прогреса 3,2,37,5/5,Нов.,72500
2025-03-03,Пурвциемс,Дзелзавас 19/2,1,30,1/5,Хрущ.,29000
2025-03-03,Вецрига,Вагнера 11,3,120,5/6,Нов.,400000
2025-03-03,центр,Дзирнаву 53,4,125,1/6,Дов. дом,388784
2025-03-03,центр,Красотаю 24,2,40,2/5,Дов. дом,49000
2025-03-03,Агенскалнс,Колкасрага 12,4,145,3/3,Нов.,352500
2025-03-03,Тейка,Раунас 54B,2,50,2/5,Нов.,132900
2025-03-03,Тейка,Раунас 54B,3,79,5/5,Нов.,194900
2025-03-03,Вецмилгравис,"Сниега 2, k-2",2,50,5/5,Лит. пр.,35400
2025-03-03,центр,Райня бульв. 27,1,27,5/6,Рекон.,101325
2025-03-03,центр,Матиса 101,3,36,4/5,Рекон.,83999
2025-03-03,Тейка,Видрижу 6a,2,49,7/7,Спец. пр.,59999
2025-03-03,центр,Райня бульв. 27,4,108,6/6,Рекон.,355060
2025-03-03,Кенгарагс,"Латгалес 266, k-2",2,47,2/5,Хрущ.,51500
2025-03-03,центр,Чака 45,3,57,3/3,Рекон.,87248
2025-03-03,Золитуде,Биезиня 9,1,46,2/9,119-я,49900
2025-03-03,центр,Элияс 11,3,48,2/2,Дов. дом,69650
2025-03-03,Пурвциемс,Илукстес 107k-3,3,60,3/9,467-я,77800
2025-03-03,Пурвциемс,Дзелзавас 63,3,60,2/9,467-я,65800
2025-03-03,центр,Заля 4,2,83,5/7,Спец. пр.,146000
2025-03-03,Пурвциемс,Илукстес 99,2,56,10/16,Спец. пр.,65000
2025-03-03,центр,Экспорта 12,3,120,4/7,Сталинка,233600
2025-03-03,Тейка,М. Цаунес 2,2,38,2/3,Дов. дом,26000
2025-03-03,Дарзциемс,Трасуна 17,2,48,2/5,Нов.,114800
2025-03-03,Дарзциемс,Трасуна 17,3,70,2/5,Нов.,163800
2025-03-03,Плявниеки,Деглава 174,4,87,2/4,Нов.,202000
2025-03-03,Плявниеки,Деглава 174,2,52,1/4,Нов.,122700
2025-03-03,Дрейлини,Валтера 1,2,50,2/4,Нов.,126300
2025-03-03,Дрейлини,Валтера 1,4,81,3/4,Нов.,190500
2025-03-03,Межциемс,Эйзенштейна 47a,3,64,7/10,Нов.,154900
2025-03-03,Межциемс,Эйзенштейна 47a,4,87,8/10,Нов.,216400
2025-03-03,Межциемс,Эйзенштейна 47a,2,45,8/10,Нов.,118800
2025-03-03,Межциемс,Эйзенштейна 47a,2,50,8/10,Нов.,121900
2025-03-03,Межциемс,Эйзенштейна 47a,4,81,9/10,Нов.,210900
2025-03-03,Межциемс,Эйзенштейна 47a,2,45,2/10,Нов.,102600
2025-03-03,Саркандаугава,Хапсалас 9,1,32,2/2,Дов. дом,12500
2025-03-03,Плявниеки,Дзеню 3,2,52,5/9,602-я,78000
2025-03-03,Пурвциемс,Андромедас Г. 5A,1,42,1/5,М. сем.,36900
2025-03-03,центр,Гертрудес 65/2,3,52,2/7,Нов.,125000
2025-03-03,центр,Валмиерас 6,3,58,1/2,Дов. дом,36000
2025-03-03,Болдерая,Доломита 4,2,46,1/5,Хрущ.,26500
2025-03-03,Югла,Мурьяню 52,1,31,4/5,Лит. пр.,28000
2025-03-03,Плявниеки,Улброкас 12 k-3,2,67,6/9,Нов.,85000
2025-03-03,Межциемс,Эйзенштейна 63,1,35,4/9,602-я,36900
2025-03-03,Югла,Юглас 43,2,44,5/5,Спец. пр.,58900
2025-03-03,Дарзциемс,Стопиню 8 k1,3,82,1/4,Нов.,144000
2025-03-03,Золитуде,Биезиня 7,2,61,2/10,119-я,61500
2025-03-03,Зиепниеккалнс,Каплавас 5,2,58,2/5,Нов.,91000
2025-03-03,центр,Чака 49,2,82,6/6,Дов. дом,123000
2025-03-03,Иманта,М. Круму 6,3,68,5/5,Лит. пр.,67999
2025-03-03,Пурвциемс,Веявас 10,2,50,8/9,602-я,45900
2025-03-03,Кливерсала,Узварас бульв. 6,2,37,1/2,Дов. дом,29000
2025-03-03,центр,Бруниниеку 96,1,30,5/5,Дов. дом,52000
2025-03-03,Кипсала,Баласта Д. 72,4,159,3/6,Нов.,645000
2025-03-03,Шампетерис-Плескодале,Лиелирбес 15,1,37,10/30,Нов.,96980
2025-03-03,Шампетерис-Плескодале,Лиелирбес 15,1,33,5/30,Нов.,81585
2025-03-03,Шампетерис-Плескодале,Лиелирбес 15,1,33,5/30,Нов.,80850
2025-03-03,Шампетерис-Плескодале,Лиелирбес 15,1,33,15/30,Нов.,106337
2025-03-03,Шампетерис-Плескодале,Лиелирбес 15,1,37,15/30,Нов.,117079
2025-03-03,р-он,ул. Латгалес Ломоносова 3,2,48,2/6,Дов. дом,78000
2025-03-03,Тейка,Бривибас 201,2,59,2/5,Нов.,114900
2025-03-03,Тейка,Бривибас 201,2,55,2/5,Нов.,114900
2025-03-03,Саркандаугава,Саркандаугавас 3,2,40,1/5,Сталинка,46000
2025-03-03,р-н,ул.Краста Ритупес 3,2,50,2/2,Рекон.,39500
2025-03-03,Саркандаугава,Приежу 14а,1,21,1/3,Дов. дом,24500
2025-03-03,Ильгюциемс,Вайделотес 18,2,41,3/5,Хрущ.,31500
2025-03-03,Югла,Аудума 3,2,44,1/2,Спец. пр.,25500
2025-03-03,Зиепниеккалнс,Батас 3a,2,101,4/4,Нов.,130000
2025-03-03,центр,Клуса 20,2,86,5/9,Нов.,110000
2025-03-03,Межциемс,Бикерниеку 258,1,49,1/2,Спец. пр.,28000
2025-03-03,Агенскалнс,Кулдигас 45A,2,36,2/2,Дов. дом,26000
2025-03-03,центр,Дзирнаву 86/88,2,60,3/6,Дов. дом,110000
2025-03-03,Болдерая,Гобас 23,2,35,5/5,Хрущ.,30000
2025-03-03,центр,Стабу 62,3,87,4/6,Дов. дом,268000
2025-03-03,Зиепниеккалнс,Озолциема 18,3,74,3/9,119-я,76000
2025-03-03,Кенгарагс,Прушу 4,2,46,4/5,Нов.,109000
2025-03-03,центр,Валмиерас 6,2,34,3/3,Дов. дом,34000
2025-03-03,Плявниеки,Праулиенас 8,4,78,6/10,467-я,67900
2025-03-03,Иманта,Курземес пр. 94,2,50,9/10,602-я,50000
2025-03-03,центр,Барона 36,4,128,3/6,Рекон.,225000
2025-03-03,центр,Чака 123,3,60,4/5,Рекон.,193055
2025-03-03,Вецмилгравис,Эммас 12A,2,50,2/3,Сталинка,41000
2025-03-03,центр,М. Пиена 8,3,48,1/4,Рекон.,75000
2025-03-03,центр,Весетас 10,1,48,6/7,Спец. пр.,82500
2025-03-03,Иманта,Курземес пр. 118,2,51,8/9,602-я,45000
2025-03-03,Золитуде,Золитудес 36/1,4,94,6/9,119-я,92000
2025-03-03,центр,Элизабетес 10B,3,115,1/5,Рекон.,430000
2025-03-03,Межапарк,Эзермалас 13,3,130,3/5,Нов.,300000
2025-03-03,Плявниеки,Ренцену 40,1,19,3/4,Рекон.,19700
2025-03-03,центр,Чака 121,1,32,6/6,Дов. дом,42000
2025-03-03,Югла,Бривибас 371,2,44,2/5,Хрущ.,38900
2025-03-03,Тейка,Бривибас 371,2,44,2/5,Хрущ.,38900
2025-03-03,центр,Томсона 33,2,44,1/5,Рекон.,79980
2025-03-03,Югла,Силциема 11,2,45,5/5,Хрущ.,42500
2025-03-03,центр,Стабу 2A,1,44,5/7,Нов.,130000
2025-03-03,Пурвциемс,Стирну 19a,1,30,5/5,Лит. пр.,32000
2025-03-03,Тейка,Вийциема 16,3,59,1/3,Сталинка,72500
2025-03-03,р-он,ул. Латгалес Кална 64,1,26,2/2,Дов. дом,11490
2025-03-03,Плявниеки,Салнас 3,1,34,1/9,602-я,38900
2025-03-03,центр,Катринас Д. 22D,2,43,2/5,Хрущ.,62000
2025-03-03,Ильгюциемс,Скуйенес 9,2,45,3/5,Хрущ.,39000
2025-03-03,Плявниеки,Салнас 26,1,33,1/9,602-я,33000
2025-03-03,центр,Заубес 9A,4,350,7/7,Нов.,490000
2025-03-03,Вецмилгравис,Мелдру 6K-2,1,30,3/4,Хрущ.,23000
2025-03-03,центр,Дзирнаву 6,3,88,4/4,Рекон.,265000
2025-03-03,Болдерая,Керамикас 6,3,43,2/3,Хрущ.,36500
2025-03-03,центр,Дзирнаву 53,2,50,5/6,Рекон.,199600
2025-03-03,центр,Томсона 33,3,63,4/5,Рекон.,134810
2025-03-03,центр,Гану 2,6,225,4/5,Дов. дом,330000
2025-03-03,центр,Дзирнаву 6,3,88,4/4,Рекон.,265000
2025-03-03,Вецмилгравис,Мелдру 28,3,61,2/5,Лит. пр.,58000
2025-03-03,Иманта,Думбрая 18,3,73,1/4,Нов.,154800
2025-03-03,центр,Бривибас 132B-23,2,39,3/4,Дов. дом,75000
2025-03-03,центр,Блауманя 36,6,190,3/5,Дов. дом,459000
2025-03-03,центр,Матиса 83,2,45,4/6,Дов. дом,75380
2025-03-03,центр,Дзирнаву 53,3,132,3/6,Рекон.,430560
2025-03-03,Вецмилгравис,Эммас 28,1,17,3/5,Рекон.,26950
2025-03-03,Шампетерис-Плескодале,Стендес 2,2,53,2/5,103-я,60000
2025-03-03,Ильгюциемс,Шаулю 4A,2,48,2/2,Сталинка,44500
2025-03-03,центр,Томсона 39/1,3,96,6/9,Нов.,220000
2025-03-03,Зиепниеккалнс,Зиепниеккална 70,2,59,1/4,Нов.,109000
2025-03-03,Пурвциемс,Деглава 59,3,76,4/6,119-я,68800
2025-03-03,Саркандаугава,Виестура пр. 79,2,64,1/2,Сталинка,72000
2025-03-03,центр,Валдемара 75,5,180,2/5,Дов. дом,400000
2025-03-03,Пурвциемс,Пурвциема 20,3,79,9/9,119-я,63500
2025-03-03,центр,Валдемара 53,5,127,2/6,Дов. дом,190000
2025-03-03,центр,Спаргелю 8,3,120,1/2,Рекон.,295000
2025-03-03,центр,Лачплеша 36,2,59,5/6,Рекон.,96000
2025-03-03,центр,Лачплеша 36,2,60,6/6,Рекон.,113300
2025-03-03,Шкиротава,Крустпилс 123A,1,19,3/3,Нов.,21000
2025-03-03,центр,Антонияс 15,3,84,2/6,Спец. пр.,239000
2025-03-03,Пурвциемс,Иерикю 58,1,40,2/9,Спец. пр.,55000
2025-03-03,Вецмилгравис,Галес 7,2,35,2/2,Дов. дом,15000
2025-03-03,Агенскалнс,Кугю 15,4,95,6/7,Нов.,319500
2025-03-03,Ильгюциемс,Палангас 7,3,54,3/5,Лит. пр.,43990
2025-03-03,центр,Калпака бульв. 9,4,193,5/5,Дов. дом,750000
2025-03-03,Агенскалнс,Кугю 15,6,240,6/7,Нов.,905750
2025-03-03,Вецмилгравис,Ванадзиня Г. 7,3,68,3/5,Лит. пр.,39800
2025-03-03,Межапарк,Эзермалас 4,1,19,1/5,Рекон.,33660
2025-03-03,Зиепниеккалнс,Стерсту 15a,4,88,3/3,Нов.,199000
2025-03-03,Зиепниеккалнс,Стерсту 15a,2,50,1/3,Нов.,115000
2025-03-03,центр,Валдемара 100,6,279,5/5,Рекон.,298000
2025-03-03,центр,Бривибас 84,3,84,2/5,Рекон.,198500
2025-03-03,центр,Дзирнаву 92,4,132,4/5,Рекон.,430000
2025-03-03,Иманта,Юрмалас Г. 82 k-1,1,31,1/9,Нов.,73000
2025-03-03,Тейка,Бривибас 201,2,39,3/5,Нов.,79500
2025-03-03,Тейка,Бривибас 201,3,76,3/5,Нов.,159500
2025-03-03,Тейка,Бривибас 201,2,56,5/5,Нов.,126900
2025-03-03,Тейка,Бривибас 201,4,88,2/5,Нов.,154500
2025-03-03,центр,Аугшиела 8,2,35,6/6,Рекон.,63750
2025-03-03,Плявниеки,Дравниеку 3,3,68,4/10,Нов.,143841
2025-03-03,Зиепниеккалнс,Ислицес 14,5,126,13/13,Спец. пр.,55500
2025-03-03,Иманта,Слокас 215,3,54,4/5,Лит. пр.,61000
2025-03-03,Зиепниеккалнс,Валдекю 61,2,54,1/10,119-я,50000
2025-03-03,Иманта,Курземес пр. 124,2,52,8/9,602-я,79500
2025-03-03,Торнякалнс,Баускас 14,3,61,2/3,Нов.,158900
2025-03-03,Болдерая,Лиела 59,2,50,5/5,Спец. пр.,44900
2025-03-03,Кенгарагс,Визлас 6,3,55,3/5,Лит. пр.,42000
2025-03-03,Болдерая,Силикату 1/2,2,41,1/3,Хрущ.,27000
2025-03-03,Кенгарагс,Каниера 17,2,40,1/3,Дов. дом,65000
2025-03-03,Кенгарагс,Латгалес 425,1,33,8/9,467-я,31500
2025-03-03,Вецмилгравис,Калнгалес 11,1,40,3/9,М. сем.,34000
2025-03-03,Иманта,Имантас 1 k-2,3,68,1/5,Лит. пр.,47950
2025-03-03,Пурвциемс,Иерикю 58,1,34,1/9,Спец. пр.,32700
2025-03-03,Вецрига,Аспазияс бульв. 30,2,44,5/5,Дов. дом,86990
2025-03-03,центр,Матиса 17 k-1,6,173,1/6,Дов. дом,94500
2025-03-03,центр,Казарму 2A,1,33,1/5,Дов. дом,30000
2025-03-03,центр,Стабу 21,4,125,3/6,Дов. дом,349000
2025-03-03,Болдерая,Межрозишу 6,1,30,2/2,Дов. дом,10480
2025-03-03,Югла,Дзирнупес 1,1,15,2/3,Спец. пр.,10970
2025-03-03,Саркандаугава,Хапсалас 26,1,28,3/3,Дов. дом,11780
2025-03-03,Кипсала,Баласта Д. 72,3,116,2/5,Нов.,360000
2025-03-03,центр,Латгалес 97,1,34,1/6,Дов. дом,56500
2025-03-03,Дзегужкалнс,Дзирциема 43,3,58,3/5,Спец. пр.,59900
2025-03-03,Пурвциемс,Илукстес 42-9,3,75,3/9,119-я,96000
2025-03-03,центр,Клуса 20,1,37,2/9,Рекон.,48500
2025-03-03,Тейка,Ропажу 93,3,59,1/2,Дов. дом,29780
2025-03-03,Чиекуркалнс,Чиекуркална 1 л. 12,3,60,1/2,Дов. дом,29780
2025-03-03,Югла,Силциема 15/2,2,44,5/5,Хрущ.,53000
2025-03-03,Шампетерис-Плескодале,Залвес 47,4,210,5/5,Нов.,390000
2025-03-03,Агенскалнс,Ранькя Д. 31,2,45,2/4,Рекон.,118100
2025-03-03,Пурвциемс,Иерикю 41,1,32,4/5,Лит. пр.,28000
2025-03-03,Вецмилгравис,Мелдру 20,2,51,2/5,Лит. пр.,38999
2025-03-03,центр,Цесу 32,1,29,3/3,Дов. дом,26789
2025-03-03,Межапарк,Эзермалас 4,2,20,1/5,Рекон.,27048
2025-03-03,Пурвциемс,Дзелзавас 13,1,31,5/5,Хрущ.,51000
2025-03-03,центр,Райня бульв. 17,2,52,2/5,Рекон.,160000
2025-03-03,Тейка,Буртниеку 1,2,37,5/5,Рекон.,79000
2025-03-03,центр,Валдемара 83,2,55,2/7,Рекон.,118000
2025-03-03,центр,Валдемара 83,2,48,2/7,Рекон.,118000
2025-03-03,центр,Гертрудес 65/2,3,59,4/7,Нов.,147000
2025-03-03,Агенскалнс,Кулдигас 41A,3,60,2/5,Лит. пр.,65000
2025-03-03,центр,Гертрудес 65/2,3,59,6/7,Нов.,158000
2025-03-03,Иманта,Юрмалас Г. 82k2,3,72,4/9,Нов.,164500
2025-03-03,Иманта,Юрмалас Г. 82k2,3,72,4/9,Нов.,164500
2025-03-03,Югла,Циемупес 2,4,130,1/9,Нов.,155000
2025-03-03,Агенскалнс,Акменю 15,1,37,1/6,Дов. дом,56000
2025-03-03,Агенскалнс,Пукю 6,2,56,2/3,Рекон.,145354
2025-03-03,Пурвциемс,Ницгалес 31,3,75,8/9,119-я,70700
2025-03-03,Чиекуркалнс,Чиекуркална 7 п. л. 3,1,16,2/2,Рекон.,14000
2025-03-03,центр,Весетас 15,3,112,2/5,Нов.,259000
2025-03-03,Ильгюциемс,Реньгес 7к. 2,2,42,1/3,Хрущ.,43000
2025-03-03,Тейка,Реминес 15,3,55,3/3,Спец. пр.,98000
2025-03-03,Саркандаугава,Патверсмес 5k-1,2,40,5/5,Дов. дом,29500
2025-03-03,Даугавгрива,Парадес 24,2,42,4/5,Хрущ.,35000
2025-03-03,центр,Чака 146,3,59,1/5,Дов. дом,69000
2025-03-03,центр,Лиенес 27,1,28,1/2,Дов. дом,25000
2025-03-03,Саркандаугава,Гауенас 1,2,50,3/5,103-я,48600
2025-03-03,Межциемс,Малиенас 19,1,33,3/9,602-я,29000
2025-03-03,Дарзциемс,Скудру 39,2,55,3/5,103-я,58500
2025-03-03,центр,Бруниниеку 68,2,58,4/4,Дов. дом,104000
2025-03-03,центр,Лиенес 3,2,36,1/5,Дов. дом,85000
2025-03-03,Иманта,Слокас 171,2,45,5/12,Чеш. пр.,59000
2025-03-03,центр,Клияну 16,1,17,1/9,Нов.,37000
2025-03-03,Иманта,Анниньмуйжас 38,2,59,6/18,Нов.,99800
2025-03-03,Болдерая,Силикату 1,2,42,2/5,Хрущ.,40000
2025-03-03,Шампетерис-Плескодале,Калнциема 97A,2,53,4/5,Спец. пр.,45000
2025-03-03,Пурвциемс,Жагату 20,4,76,8/9,602-я,68000
2025-03-03,Пурвциемс,Стирну 22,2,38,2/5,Спец. пр.,48500
2025-03-03,центр,М. Пиена 8,3,45,1/4,Рекон.,75000
2025-03-03,центр,Валдемара 159,4,75,3/5,Дов. дом,99000
2025-03-03,Золитуде,Русес 5,3,80,9/9,119-я,93000
2025-03-03,Золитуде,Апузес 41,3,68,2/3,Нов.,136600
2025-03-03,Кенгарагс,Локомотивес 86,2,47,5/5,Лит. пр.,55500
2025-03-03,Иманта,Дубулту 20,2,49,5/5,Лит. пр.,41000
2025-03-03,Иманта,Дубулту 16,3,65,2/5,Лит. пр.,75000
2025-03-03,Иманта,Курземес пр. 58,3,60,2/5,Лит. пр.,73000
2025-03-03,центр,Стабу 91,2,54,3/5,Дов. дом,105000
2025-03-03,центр,Дзирнаву 149A,2,42,1/4,Сталинка,55000
2025-03-03,центр,Меркеля 8,6,186,6/4,Дов. дом,149000
2025-03-03,Золитуде,Русес 26,3,75,9/9,119-я,81000
2025-03-03,центр,Гертрудес 135A,3,64,1/2,Дов. дом,44000
2025-03-03,Пурвциемс,Дудаева Г. 13,3,53,3/5,Лит. пр.,46000
2025-03-03,центр,Матиса 45,2,34,5/5,Дов. дом,75000
2025-03-03,Плявниеки,Рембатес 10,2,52,6/10,Нов.,115400
2025-03-03,Зиепниеккалнс,Брукнас 8,2,60,10/10,119-я,79950
2025-03-03,Пурвциемс,Дзелзавас 25,3,61,6/9,602-я,66000
2025-03-03,Иманта,Зентенес 11,3,67,3/5,Лит. пр.,62000
2025-03-03,Плявниеки,Праулиенас 2,4,77,4/9,602-я,67500
2025-03-03,центр,Гертрудес 51,3,94,5/5,Дов. дом,155000
2025-03-03,Тейка,Бривибас 282,2,48,1/5,Спец. пр.,63500
2025-03-03,Агенскалнс,Мелнсила 28,1,31,4/5,Лит. пр.,41000
2025-03-03,Пурвциемс,Браслас 53,1,38,1/6,Нов.,69500
2025-03-03,центр,Матиса 131A,2,51,2/2,Дов. дом,32990
2025-03-03,Вецмилгравис,Мелдру 28,2,37,4/5,Лит. пр.,37000
2025-03-03,центр,Элизабетес 12,1,28,5/5,Нов.,84600
2025-03-03,Югла,Маркалнес 1,1,18,3/5,М. сем.,10800
2025-03-03,Вецрига,М. Смилшу 12,4,176,2/5,Дов. дом,240000
2025-03-03,Иманта,Даммес 31,3,61,1/9,602-я,67000
2025-03-03,Дзегужкалнс,Уденс 12,2,61,3/7,Нов.,124000
2025-03-03,центр,Садовникова 21,3,47,3/5,Рекон.,77500
2025-03-03,центр,Райня бульв. 3a,3,82,5/6,Рекон.,175000
2025-03-03,Мангали,Царникавас 3c,4,102,1/1,Рекон.,83000
2025-03-03,Вецрига,Кунгу 25,2,75,2/6,Нов.,220000
2025-03-03,Агенскалнс,Эрнестинес 17,4,85,1/2,Дов. дом,139500
2025-03-03,Тейка,Бикерниеку 67,1,28,5/5,Хрущ.,38500
2025-03-03,Золитуде,Анниньмуйжас 7,2,76,11/13,Нов.,117300
2025-03-03,центр,Валдемара 113,2,62,4/5,Дов. дом,119900
2025-03-03,Агенскалнс,Кугю 15,2,42,3/7,Нов.,140000
2025-03-03,Иманта,Юрмалас Г. 95,3,63,7/9,602-я,41500
2025-03-03,Мангали,Виестура пр. 14,2,50,6/9,467-я,77000
2025-03-03,Агенскалнс,Ранькя Д. 34,4,133,20/23,Нов.,365100
2025-03-03,Мангальсала,Мангальсалас 21,2,41,2/2,Рекон.,43000
2025-03-03,Мангальсала,Мангальсалас 21,4,99,2/2,Рекон.,95900
2025-03-03,Вецмилгравис,Лайвиниеку 1,2,41,2/2,Рекон.,43000
2025-03-03,Вецмилгравис,Лайвиниеку 1,4,99,2/2,Рекон.,95900
2025-03-03,центр,Аугшиела 8,1,30,5/6,Рекон.,48950
2025-03-03,Тейка,Бривибас 201,2,50,1/6,Нов.,77500
2025-03-03,Тейка,Бривибас 201,3,90,2/5,Нов.,181900
2025-03-03,Тейка,Бривибас 201,2,38,4/5,Сталинка,78900
2025-03-03,Тейка,Бривибас 201,3,84,2/5,Нов.,136900
2025-03-03,р-он,ул. Латгалес Лудзас 55,1,26,3/4,Дов. дом,36500
2025-03-03,Болдерая,Лемешу 19,3,54,3/5,Лит. пр.,38000
2025-03-03,Агенскалнс,М. Нометню 5,2,40,5/5,Дов. дом,10000
2025-03-03,Тейка,Бривибас 201,3,81,1/5,Нов.,138500
2025-03-03,Кенгарагс,Прушу 46,3,114,8/10,Нов.,210000
2025-03-03,Золитуде,Грамздас 82,2,75,2/4,Нов.,123000
2025-03-03,центр,Матиса 101,1,16,3/5,Рекон.,36660
2025-03-03,Гризинькалнс,Алаукста 7,2,40,1/2,Рекон.,115000
2025-03-03,Агенскалнс,Марупес 49,2,55,4/5,Спец. пр.,69950
2025-03-03,центр,Гертрудес 99,1,32,3/6,Дов. дом,40000
2025-03-03,р-он,ул. Латгалес Ликснас 20,2,36,1/2,Дов. дом,24000
2025-03-03,Тейка,Бривибас 215b,4,94,2/5,Спец. пр.,119800
2025-03-03,Пурвциемс,Дзелзавас 104,2,42,8/8,Нов.,113200
2025-03-03,Зиепниеккалнс,Валдекю 68k1,1,34,1/9,602-я,36900
2025-03-03,Саркандаугава,Лимбажу 1B,1,25,2/2,Дов. дом,10000
2025-03-03,Плявниеки,Дзеню 10,4,78,7/9,602-я,68000
2025-03-03,Пурвциемс,Мадонас 21,3,85,3/18,Спец. пр.,89500
2025-03-03,Агенскалнс,Даугавгривас 34,2,60,1/2,Дов. дом,85000
2025-03-03,центр,Госпиталю 33A,2,51,2/3,Дов. дом,78980
2025-03-03,Торнякалнс,Елгава 65,2,39,4/4,Рекон.,99000
2025-03-03,Межциемс,Хипократа 9,2,57,4/16,104-я,74900
2025-03-03,центр,Миера 74,2,42,8/8,Спец. пр.,95000
2025-03-03,Плявниеки,Плявниеку 1,3,62,9/9,602-я,65000
2025-03-03,центр,Стабу 11,4,79,6/6,Спец. пр.,155000
2025-03-03,центр,Бруниниеку 77,5,156,6/6,Дов. дом,87000
2025-03-03,Иманта,Клеисту 10,2,49,5/5,Лит. пр.,47500
2025-03-03,Югла,Мурьяню 155,2,50,3/4,Нов.,114600
2025-03-03,Болдерая,Гобас 25,3,67,2/5,Хрущ.,43600
2025-03-03,центр,Катринас Д. 6,2,44,1/3,Рекон.,80100
2025-03-03,центр,Дзирнаву 53,3,73,2/6,Рекон.,247885
2025-03-03,центр,Петерсалас 2,3,66,4/5,Дов. дом,90000
2025-03-03,Вецмилгравис,Мелдру 10,1,13,3/4,Хрущ.,15495
2025-03-03,Катлакалнс,Гулбью 11,2,52,2/5,103-я,87000
2025-03-03,центр,Артилерияс 52A,4,69,1/2,Нов.,133000
2025-03-03,Кенгарагс,Латгалес 256/4,2,46,1/5,Хрущ.,49800
2025-03-03,Зиепниеккалнс,Озолциема 18,3,60,6/9,119-я,61500
2025-03-03,р-он,ул. Латгалес Даугавпилс 48,1,29,4/5,Дов. дом,26500
2025-03-03,Кенгарагс,Локомотивес 60,3,54,1/5,Лит. пр.,53000
2025-03-03,Саркандаугава,Виестура пр. 33,1,27,8/9,Спец. пр.,29300
2025-03-03,Плявниеки,Салнас 11,3,61,6/9,602-я,70000
2025-03-03,Зиепниеккалнс,Эбельмуйжас 12,2,50,1/9,602-я,47900
2025-03-03,центр,Сканстес 29a,3,110,8/24,Нов.,239900
2025-03-03,Вецмилгравис,Вецмилгравья 1 л. 52,2,51,2/5,Лит. пр.,51250
2025-03-03,Мангальсала,Бакас 19,2,61,2/4,Спец. пр.,41500
2025-03-03,Мангали,Эзера 5A,3,53,1/2,Дов. дом,30000
2025-03-03,центр,Бривибас 39A,4,96,5/6,Рекон.,248000
2025-03-03,Плявниеки,Руденс 10,3,62,1/9,602-я,46000
2025-03-03,Катлакалнс,Гулбью 1,1,28,1/2,Дов. дом,42000
2025-03-03,центр,Лачплеша 36,3,86,1/6,Рекон.,158000
2025-03-03,Другой,Klusā 18,2,32,7/9,Рекон.,51900
2025-03-03,центр,Бривибас 148,4,135,6/6,Дов. дом,138000
2025-03-03,центр,Марияс 18,3,97,4/6,Дов. дом,159000
2025-03-03,р-он,ул. Латгалес Даугавпилс 52,1,28,4/5,Дов. дом,21000
2025-03-03,центр,Стрелниеку 9,4,176,4/6,Рекон.,335160
2025-03-03,Югла,Мурьяню 157,2,44,2/4,Нов.,113000
2025-03-03,Вецрига,Калею 61,1,35,2/3,Дов. дом,115000
2025-03-03,центр,Бруниниеку 28,4,120,3/5,Дов. дом,275000
2025-03-03,Ильгюциемс,Спилвес 33,3,66,1/5,Лит. пр.,70990
2025-03-03,р-н,ул.Краста Балву 3,1,20,2/4,Сталинка,34995
2025-03-03,Пурвциемс,Веявас 9c,2,69,3/4,Нов.,123000
2025-03-03,Золитуде,Юркалнес 87,2,46,1/5,Нов.,90000
2025-03-03,Вецрига,Аспазияс бульв. 30,3,101,2/5,Дов. дом,550000
2025-03-03,центр,Рупниецибас 25,2,53,5/6,Спец. пр.,172000
2025-03-03,Яунциемс,Яунциема Г. 182,2,41,3/5,Хрущ.,39000
2025-03-03,центр,Плявас 4,4,74,3/3,Рекон.,170000
2025-03-03,центр,Цесу 30,3,63,3/4,Дов. дом,62500
2025-03-03,Зиепниеккалнс,Валдекю 62,5,63,1/5,602-я,110000
2025-03-03,Дарзциемс,Зелтиню 58,2,43,4/5,М. сем.,47000
2025-03-03,Зиепниеккалнс,Залениеку 40-17,1,26,4/5,М. сем.,9500
2025-03-03,Югла,Маркалнес 3,2,53,4/5,Рекон.,70000
2025-03-03,Вецмилгравис,Мелидас 6K3,2,39,2/5,Лит. пр.,28000
2025-03-03,центр,Лачплеша 104A,2,52,2/3,Дов. дом,45000
2025-03-03,Золитуде,Лиедес 2,4,123,4/4,Нов.,238000
2025-03-03,центр,Латгалес 21,4,64,1/1,Ч. дом,98000
2025-03-03,Кенгарагс,Прушу 26,1,21,2/3,Рекон.,45000
2025-03-03,Пурвциемс,Пурвциема 15,2,58,6/14,104-я,65000
2025-03-03,Чиекуркалнс,Чиекуркална 1 л. 20,1,23,1/1,Дов. дом,11000
2025-03-03,центр,Гертрудес 53,5,108,3/5,Дов. дом,250000
2025-03-03,Межциемс,Бикерниеку 250,1,39,1/2,Дов. дом,30000
2025-03-03,Плявниеки,Салнас 6,4,77,8/9,602-я,87390
2025-03-03,Чиекуркалнс,Чиекуркална 7 п. л. 7,1,19,3/4,Нов.,51622
2025-03-03,центр,Валдемара 57/59,2,70,6/8,Рекон.,129000
2025-03-03,центр,Латгалес 123,3,47,3/6,Рекон.,77500
2025-03-03,Зиепниеккалнс,Вадакстес 20,3,67,3/5,Спец. пр.,69000
2025-03-03,Пурвциемс,Стирну 35a,1,37,8/9,602-я,40000
2025-03-03,Вецмилгравис,Стиебру 1,3,60,1/5,Лит. пр.,47500
2025-03-03,Агенскалнс,Елгава 92,3,53,1/3,Дов. дом,48000
2025-03-03,р-он,ул. Латгалес Даугавпилс 76,1,26,3/6,Дов. дом,24400
2025-03-03,Агенскалнс,Лиепаяс 37,2,36,2/2,Дов. дом,25000
2025-03-03,Зиепниеккалнс,Озолциема 8,1,32,1/9,Спец. пр.,35500
2025-03-03,Пурвциемс,Виршу 1,3,75,2/9,119-я,61000
2025-03-03,центр,Републикас пл. 3,4,123,3/6,Нов.,275000
2025-03-03,Пурвциемс,Иерикю 36,1,25,2/5,Лит. пр.,32000
2025-03-03,Агенскалнс,Мелнсила 28,3,58,5/5,Хрущ.,85000
2025-03-03,Плявниеки,Праулиенас 8,4,78,10/10,467-я,64800
2025-03-03,Плявниеки,Лубанас 115,1,44,7/9,М. сем.,34000
2025-03-03,Зиепниеккалнс,Озолциема 12/3,2,58,1/9,119-я,58500
2025-03-03,Вецрига,Грециниеку 22,6,265,3/5,Дов. дом,570000
2025-03-03,Пурвциемс,Бикерниеку 31,3,56,1/5,Хрущ.,100000
2025-03-03,Иманта,Акацию 2F,4,78,2/9,Нов.,218858
2025-03-03,Шампетерис-Плескодале,Стендес 1,1,30,3/4,Хрущ.,28500
2025-03-03,центр,Лугажу 14,2,52,1/3,Сталинка,58000
2025-03-03,Межциемс,Кайвас 31/3,2,60,3/4,Нов.,139000
2025-03-03,Югла,Бривибас 391,2,43,5/5,Хрущ.,42500
2025-03-03,Зиепниеккалнс,Валдекю 17,2,49,1/5,Спец. пр.,60000
2025-03-03,Агенскалнс,Марупес 21,2,54,1/5,Спец. пр.,89900
2025-03-03,Иманта,Ригондас Г. 1,2,44,7/12,Чеш. пр.,51500
2025-03-03,Иманта,Акацию 2F,3,62,2/9,Нов.,174058
2025-03-03,Агенскалнс,Лиепаяс 37c,4,84,2/4,Нов.,224800
2025-03-03,Иманта,Акацию 2F,3,60,2/9,Нов.,159373
2025-03-03,Чиекуркалнс,Чиекуркална 1 л. 1,3,54,4/5,Хрущ.,61800
2025-03-03,Иманта,Слокас 171,3,74,1/12,Чеш. пр.,55000
2025-03-03,Вецрига,Вальню 23,4,137,7/7,Дов. дом,699000
2025-03-03,центр,Стабу 29,3,89,5/5,Рекон.,185000
2025-03-03,Гризинькалнс,Таллинас 92A,4,167,7/7,Рекон.,180000
2025-03-03,Тейка,Бривибас 236,3,67,5/5,Сталинка,95000
2025-03-03,центр,Бривибас 95,1,35,4/7,Рекон.,88500
2025-03-03,центр,Лачплеша 36,3,60,6/6,Рекон.,113240
2025-03-03,центр,Тербатас 4,3,124,6/6,Рекон.,349000
2025-03-03,Саркандаугава,Саркандаугавас 3,2,58,4/5,Сталинка,73000
2025-03-03,центр,Бривибас 99,6,131,2/6,Дов. дом,180000
2025-03-03,Ильгюциемс,Гара 35,3,62,5/5,Лит. пр.,49990
2025-03-03,Зиепниеккалнс,Баускас 57,3,69,3/5,Нов.,144060
2025-03-03,Зиепниеккалнс,Баускас 57,3,69,1/5,Нов.,136600
2025-03-03,Торнякалнс,Баускас 57,3,68,1/5,Нов.,136600
2025-03-03,центр,Авоту 46a,3,64,3/5,Рекон.,103981
2025-03-03,Гризинькалнс,Красотаю 13,1,29,1/5,Рекон.,75750
2025-03-03,центр,Сканстес 29,3,87,15/24,Нов.,230000
2025-03-03,Иманта,Дубулту 16,3,66,2/5,Лит. пр.,75000
2025-03-03,центр,Валдемара 49,3,93,2/3,Дов. дом,259000
2025-03-03,Золитуде,Анниньмуйжас 20,3,81,2/4,Нов.,149900
2025-03-03,Дарзциемс,Плаужу 24,3,106,1/3,Нов.,223000
2025-03-03,Плявниеки,Илукстес 14,3,106,1/3,Нов.,223000
2025-03-03,Торнякалнс,Мукусалас 56,1,26,3/3,Рекон.,68300
2025-03-03,Торнякалнс,Апшу 4,3,40,1/3,Рекон.,84861
2025-03-03,Плявниеки,Ясмуйжас 18/1,2,49,3/9,Нов.,115000
2025-03-03,центр,Дайнас 10A,3,62,1/7,Нов.,176900
2025-03-03,центр,Гертрудес 62A,3,104,5/5,Дов. дом,225000
2025-03-03,Межапарк,Эзермалас 4,2,27,3/5,Рекон.,37536
2025-03-03,Межапарк,Эзермалас 4,2,21,1/5,Рекон.,29118
2025-03-03,центр,Бривибас 159,4,124,1/5,Рекон.,125000
2025-03-03,центр,Бривибас 95,2,52,7/7,Рекон.,146200
2025-03-03,Югла,Вангажу 19,2,42,2/5,Хрущ.,59000
2025-03-03,Ильгюциемс,Реньгес 2b,2,50,5/5,Лит. пр.,45500
2025-03-03,Саркандаугава,Лимбажу 7,1,25,2/2,Спец. пр.,18500
2025-03-03,Болдерая,Силикату 14,2,40,1/3,Хрущ.,25000
2025-03-03,Тейка,Кауказа 11,4,132,4/4,Нов.,421120
2025-03-03,Тейка,Кауказа 11,3,79,3/4,Нов.,251520
2025-03-03,Тейка,Кауказа 11,2,52,1/4,Нов.,165440
2025-03-03,центр,Бруниниеку 119,1,24,3/4,Дов. дом,37500
2025-03-03,Плявниеки,Дравниеку 3,4,86,2/10,Нов.,172000
2025-03-03,Плявниеки,Деглава 108/6,2,59,6/9,119-я,56000
2025-03-03,Тейка,Буртниеку 1,2,35,5/5,Рекон.,76500
2025-03-03,Зиепниеккалнс,Дижозолу 9,6,115,3/9,602-я,128800
2025-03-03,Межциемс,Хипократа 19,1,33,4/9,602-я,40000
2025-03-03,Болдерая,Гобас 22,2,47,5/5,103-я,29800
2025-03-03,центр,Мейстару 6,4,67,4/5,Дов. дом,200000
2025-03-03,центр,Авоту 66a,2,35,1/5,Дов. дом,69000
2025-03-03,Межциемс,Кайвас 31-3,3,83,4/4,Нов.,176000
2025-03-03,Болдерая,Гобас 34,2,52,5/5,103-я,27000
2025-03-03,Межциемс,Кайвас 50,1,34,1/5,Нов.,63000
2025-03-03,р-он,ул. Латгалес Латгалес 271,2,37,4/5,Лит. пр.,36000
2025-03-03,Вецмилгравис,Ринужу 22,3,66,3/5,103-я,73000
2025-03-03,центр,Райня бульв. 9,3,144,6/6,Рекон.,399950
2025-03-03,Пурвциемс,Пурвциема 20,2,61,9/9,119-я,76000
2025-03-03,центр,Антонияс 16A,4,132,4/7,Нов.,429000
2025-03-03,Тейка,Залиша 5,3,67,4/5,103-я,79500
2025-03-03,центр,Пулкв. Бриежа 9,5,120,3/3,Дов. дом,204000
2025-03-03,центр,Спаргелю 10,3,40,1/4,Нов.,97500
2025-03-03,Саркандаугава,Аптиекас 17B,2,29,2/2,Рекон.,49640
2025-03-03,Кенгарагс,Икшкилес 16,2,45,4/5,Лит. пр.,31500
2025-03-03,Пурвциемс,Илукстес 107,1,32,7/9,467-я,40000
2025-03-03,Вецмилгравис,Мелдру 19,2,44,1/2,Хрущ.,28000
2025-03-03,Румбула,Крустпилс 60,2,41,1/2,Хрущ.,34000
2025-03-03,р-н,ул.Краста Салацас 9,2,52,7/9,602-я,42000
2025-03-03,центр,Пулкв. Бриежа 7,4,106,3/6,Дов. дом,280000
2025-03-03,центр,Валдемара 34,1,34,5/6,Дов. дом,77500
2025-03-03,центр,Ганибу Д. 15,3,78,1/5,Дов. дом,77800
2025-03-03,Торнякалнс,Баускас 33,4,121,3/5,Нов.,180000
2025-03-03,Чиекуркалнс,Русова 28,1,42,2/5,М. сем.,28500
2025-03-03,Пурвциемс,Виршу 1,3,75,9/9,119-я,72500
2025-03-03,Саркандаугава,Падедзес 1,3,70,1/4,Нов.,214000
2025-03-03,Зиепниеккалнс,Валдекю 15,2,37,2/5,Хрущ.,32000
2025-03-03,р-он,ул. Латгалес Калупес 12,2,39,3/3,Дов. дом,42000
2025-03-03,Плявниеки,Дзеню 12,3,63,4/9,602-я,54000
2025-03-03,Саркандаугава,Ажу 12,2,44,1/2,Спец. пр.,33000
2025-03-03,Югла,Юглас 2E,4,134,5/8,Спец. пр.,175000
2025-03-03,центр,Элизабетес 57,4,122,3/5,Дов. дом,210000
2025-03-03,Вецрига,Смилшу 10,5,131,5/7,Рекон.,350000
2025-03-03,центр,Элизабетес 8,5,187,4/5,Рекон.,560000
2025-03-03,центр,Звайгжню 13C,1,27,3/6,Дов. дом,47000
2025-03-03,центр,Стрелниеку 19,3,79,1/4,Рекон.,165000
2025-03-03,центр,Барона 23,4,114,2/5,Рекон.,186780
2025-03-03,Кипсала,Кипсалас 4,2,51,2/4,Нов.,145000
2025-03-03,центр,Барона 23,3,73,2/5,Рекон.,123900
2025-03-03,р-он,ул. Латгалес Латгалес 137,3,74,1/2,Дов. дом,83000
2025-03-03,центр,Лачплеша 35,3,91,5/6,Рекон.,160500
2025-03-03,Пурвциемс,Дзелзавас 25,3,62,3/9,602-я,50500
2025-03-03,Золитуде,Приедайнес 13,3,90,2/4,Нов.,133000
2025-03-03,Аплокциемс,Чиекуру 3,3,75,1/4,Нов.,263520
2025-03-03,Вецмилгравис,Домбровска 39,1,32,8/9,602-я,26500
2025-03-03,Кливерсала,Кугю 15,4,96,5/6,Нов.,350000
2025-03-03,Межапарк,Кишезера 10,2,44,2/9,Нов.,124900
2025-03-03,центр,Бривибас 95,3,83,3/7,Рекон.,179900
2025-03-03,центр,Марияс 4,1,21,4/5,Рекон.,82950
2025-03-03,Межапарк,Кишезера 10,4,77,2/9,Нов.,228900
2025-03-03,Ильгюциемс,Дзирциема 35,1,32,5/5,Лит. пр.,28000
2025-03-03,Кенгарагс,Авиацияс 4,1,21,2/2,Рекон.,37000
2025-03-03,центр,Аугшиела 8,2,30,5/6,Рекон.,50950
2025-03-03,Тейка,Бривибас 201,3,70,2/5,Нов.,114900
2025-03-03,Тейка,Бривибас 201,3,73,3/5,Нов.,224900
2025-03-03,Тейка,Бривибас 201,2,53,2/5,Нов.,134900
2025-03-03,Тейка,Бривибас 201,2,37,2/5,Нов.,114900
2025-03-03,центр,Бруниниеку 121,3,43,4/5,Рекон.,70000
2025-03-03,Межциемс,Межциема 52,2,50,1/9,602-я,47800
2025-03-03,центр,Стабу 92,5,187,1/5,Дов. дом,195000
2025-03-03,р-он,ул. Латгалес Латгалес 108,2,56,6/6,Дов. дом,59850
2025-03-03,центр,Валдемара 73,4,103,6/7,Дов. дом,199970
2025-03-03,Дарзциемс,Ситас 2,2,55,5/5,103-я,44000
2025-03-03,центр,Ганибу Д. 13,2,33,5/7,Нов.,55800
2025-03-03,центр,Таллинас 86,2,38,2/5,Рекон.,99500
2025-03-03,Межапарк,Кемпес 2,2,47,7/12,Нов.,127900
2025-03-03,Тейка,Бривибас 201,2,37,2/5,Нов.,72900
2025-03-03,центр,Бруниниеку 121,1,22,1/5,Рекон.,46650
2025-03-03,Межапарк,Кемпес 2,2,47,5/12,Нов.,125900
2025-03-03,Тейка,Бривибас 201,2,60,1/5,Нов.,99900
2025-03-03,Межапарк,Кемпес 2,2,48,5/12,Нов.,124900
2025-03-03,Шкиротава,Дзиркалю 24,1,19,2/3,М. сем.,25750
2025-03-03,Шкиротава,Дзиркалю 24,1,12,2/3,М. сем.,17900
2025-03-03,Вецрига,Мейстару 6,4,67,4/5,Дов. дом,200000
2025-03-03,Пурвциемс,Иерикю 11,2,45,1/2,Сталинка,58455
2025-03-03,Тейка,Буртниеку 1,2,41,3/5,Рекон.,86000
2025-03-03,Кливерсала,Кугю 26,3,101,4/5,Нов.,380000
2025-03-03,центр,Матиса 101,4,85,3/6,Дов. дом,110000
2025-03-03,центр,Ганибу Д. 13 k-1,3,76,6/7,Нов.,92000
2025-03-03,Берги,Вейдзирнаву 28,1,25,1/2,Дов. дом,23999
2025-03-03,центр,Барона 121,1,35,1/5,Рекон.,50000
2025-03-03,Тейка,Бривибас 217,3,61,1/2,Рекон.,100000
2025-03-03,центр,Артилерияс 11,3,62,1/4,Рекон.,84500
2025-03-03,Агенскалнс,Мерсрага 9,2,50,4/4,Рекон.,99000
2025-03-03,центр,Я. Далиня 4,3,60,1/6,Хрущ.,70000
2025-03-03,центр,Бруниниеку 93a,2,34,4/5,Дов. дом,49800
2025-03-03,Иманта,Курземес пр. 42,3,63,5/5,Лит. пр.,63000
2025-03-03,Пурвциемс,Мадонас 25,2,61,3/9,119-я,56900
2025-03-03,Плявниеки,Ясмуйжас 24,1,39,4/4,Нов.,70000
2025-03-03,Мангали,Эзера 13A,1,25,2/2,Дов. дом,17000
2025-03-03,Межапарк,Эзермалас 13,5,216,4/5,Нов.,230000
2025-03-03,Агенскалнс,Балдонес 28,2,39,4/5,Лит. пр.,41000
2025-03-03,центр,Матиса 101,1,15,3/5,Рекон.,32000
2025-03-03,Кенгарагс,Прушу 26,1,16,3/3,Рекон.,26500
2025-03-03,Тейка,Пиебалгас 8,2,49,2/2,Дов. дом,60000
2025-03-03,Иманта,Слокас 130a,2,62,1/7,Нов.,128000
2025-03-03,центр,Матиса 101,2,39,1/5,Дов. дом,48000
2025-03-03,центр,Блауманя 9,3,66,5/6,Дов. дом,141600
2025-03-03,центр,Рупниецибас 50,4,138,6/6,Рекон.,380000
2025-03-03,Тейка,Бривибас 228,4,75,1/4,Дов. дом,105000
2025-03-03,центр,Бруниниеку 121,3,44,1/5,Рекон.,88000
2025-03-03,Кенгарагс,Вишкю 13,1,29,1/5,Лит. пр.,30000
2025-03-03,центр,Стрелниеку 7,3,85,6/7,Нов.,320000
2025-03-03,центр,Алберта 4,5,193,2/4,Дов. дом,945000
2025-03-03,Болдерая,Лемешу 19,3,66,4/5,Лит. пр.,43000
2025-03-03,Вецрига,Пелду 24,2,47,4/4,Рекон.,117000
2025-03-03,Вецрига,Пелду 24,2,51,4/4,Рекон.,115000
2025-03-03,центр,Стрелниеку 5,3,108,3/7,Нов.,510000
2025-03-03,центр,Стрелниеку 5,4,191,1/7,Нов.,649000
2025-03-03,центр,Пелду 24,3,76,4/4,Рекон.,146000
2025-03-03,Иманта,Анниньмуйжас 38K4,3,74,6/18,Нов.,179000
2025-03-03,Вецмилгравис,Мелдру 19,2,46,2/2,Сталинка,25900
2025-03-03,Агенскалнс,Амалияс 5a,3,71,2/3,Рекон.,197120
2025-03-03,Югла,Страздмуйжас 14,2,50,2/4,Нов.,109000
2025-03-03,Югла,Мурьяню 151,3,81,2/4,Нов.,178000
2025-03-03,Зиепниеккалнс,Дигнаяс 3,3,90,4/6,Нов.,175000
2025-03-03,Болдерая,Гобас 28,2,53,3/5,103-я,48000
2025-03-03,Саркандаугава,Виестура пр. 7-21,2,42,3/3,Хрущ.,26900
2025-03-03,центр,Блауманя 28A,3,100,6/7,Дов. дом,255000
2025-03-03,Пурвциемс,Буртниеку 35,1,17,2/4,М. сем.,21500
2025-03-03,Дарзциемс,Резекнес 27a,5,192,2/3,Спец. пр.,268000
2025-03-03,Межциемс,Бикерниеку 160,3,87,1/5,Нов.,168000
2025-03-03,Межциемс,Бикерниеку 1,3,82,2/2,Нов.,150000
2025-03-03,центр,Катринас Д. 5,5,167,3/5,Спец. пр.,167200
2025-03-03,Золитуде,Грамздас 80,2,71,3/4,Нов.,132000
2025-03-03,Ильгюциемс,Даугавгривас 1B,2,61,1/2,Дов. дом,29000
2025-03-03,Болдерая,Финиера 17,1,39,1/9,Спец. пр.,29900
2025-03-03,Золитуде,Лейиня 5,3,78,7/9,119-я,94000
2025-03-03,Саркандаугава,Хапсалас 1/3,3,73,4/4,Спец. пр.,58000
2025-03-03,Плявниеки,Ю. Вациеша 2c,3,68,14/16,Спец. пр.,87000
2025-03-03,центр,Рупниецибас 50,3,95,4/7,Нов.,240000
2025-03-03,центр,Чака 156,1,33,3/5,Дов. дом,57500
2025-03-03,Тейка,Буртниеку 36A,3,110,2/4,Нов.,200000
2025-03-03,Агенскалнс,Ранькя Д. 34,3,113,6/22,Нов.,276000
2025-03-03,Агенскалнс,Ранькя Д. 34,3,96,7/22,Нов.,215000
2025-03-03,Агенскалнс,Ранькя Д. 34,3,95,8/22,Нов.,221000
2025-03-03,Агенскалнс,Ранькя Д. 34,3,95,6/22,Нов.,207000
2025-03-03,Агенскалнс,Ранькя Д. 34,3,102,10/22,Нов.,243000
2025-03-03,центр,Стрелниеку 5,3,89,2/7,Нов.,394000
2025-03-03,Пурвциемс,Раунас 37,5,177,1/5,Спец. пр.,130000
2025-03-03,центр,Дайнас 10A,2,41,2/7,Нов.,139990
2025-03-03,Ильгюциемс,Спилвес 15,2,50,4/5,Лит. пр.,42000
2025-03-03,Аплокциемс,Бриежу 9,4,68,5/6,Нов.,170000
2025-03-03,Зиепниеккалнс,Эбельмуйжас 24,3,61,4/9,602-я,79900
2025-03-03,центр,Дзирнаву 113,3,86,3/5,Дов. дом,139000
2025-03-03,Даугавгрива,Парадес 30,1,34,5/5,103-я,35000
2025-03-03,Даугавгрива,Бирзес 26,1,40,3/12,Чеш. пр.,40000
2025-03-03,Кенгарагс,Латгалес 260,1,32,4/5,Лит. пр.,32000
2025-03-03,Югла,Силциема 13 k-1,2,45,5/5,Лит. пр.,31000
2025-03-03,Плявниеки,Улброкас 12,3,63,1/7,Нов.,130000
2025-03-03,Ильгюциемс,Мотору 5,2,48,3/5,Лит. пр.,40000
2025-03-03,Мангальсала,Албатросу 26,2,54,2/5,103-я,45000
2025-03-03,р-н,ул.Краста Латгалес 188,2,41,9/9,Нов.,124950
2025-03-03,центр,Тербатас 42,4,93,3/5,Дов. дом,179000
2025-03-03,Межциемс,Кайвас 33,2,70,1/4,Нов.,130000
2025-03-03,центр,Чака 151,2,70,1/6,Дов. дом,92800
2025-03-03,Плявниеки,Зебиекстес 3,3,77,5/9,119-я,67000
2025-03-03,центр,Клуса 7,1,18,1/5,Дов. дом,32500
2025-03-03,р-н,ул.Краста Огрес 5,3,105,1/6,Нов.,155000
2025-03-03,Кенгарагс,Авиацияс 5,2,50,5/5,Лит. пр.,42000
2025-03-03,Биерини,Лиепаяс 37c,3,65,2/4,Нов.,167800
2025-03-03,Межциемс,Кайвас 48A,3,60,4/6,Нов.,148900
2025-03-03,Чиекуркалнс,Чиекуркална 2 л. 50,2,31,1/3,Нов.,71500
2025-03-03,центр,Чака 30,5,120,6/6,Дов. дом,155000
2025-03-03,центр,Аусекля 3,3,60,2/5,Дов. дом,170000
2025-03-03,Тейка,Ропажу 37,2,50,3/3,Дов. дом,48800
2025-03-03,Межапарк,Инчукална 2,3,77,4/4,Рекон.,167000
2025-03-03,Иманта,Клеисту 2,3,68,12/16,Спец. пр.,86000
2025-03-03,центр,Бискапа Гате 3,3,78,2/5,Сталинка,139500
2025-03-03,Саркандаугава,Хапсалас 1/3,3,74,4/4,Спец. пр.,58000
2025-03-03,Вецмилгравис,Мелидас 3,2,49,5/5,Лит. пр.,37000
2025-03-03,центр,Аусекля 6A,6,242,4/5,Рекон.,600000
2025-03-03,Межциемс,Малиенас 19,2,51,4/9,602-я,45500
2025-03-03,Агенскалнс,Смильгя 20A,2,49,4/5,Дов. дом,35000
2025-03-03,Югла,Юглас 37,3,60,4/5,Лит. пр.,46900
2025-03-03,центр,Клияну 20,2,44,3/8,Рекон.,35883
2025-03-03,центр,Матиса 101,2,29,1/5,Рекон.,63500
2025-03-03,центр,Клуса 7,1,26,3/5,Дов. дом,39000
2025-03-03,центр,Гертрудес 22,4,150,3/5,Дов. дом,330000
2025-03-03,Межапарк,Эзермалас 13,4,110,4/5,Нов.,209000
2025-03-03,Берги,Бривибас 446,4,244,4/4,Нов.,345000
2025-03-03,центр,Садовникова 29A,3,65,5/6,Дов. дом,112000
2025-03-03,центр,Стабу 49a,3,61,2/6,Рекон.,119500
2025-03-03,Иманта,Даммес 19,1,27,4/5,Лит. пр.,29000
2025-03-03,центр,Рупниецибас 4,3,105,5/5,Рекон.,275000
2025-03-03,Болдерая,Стурманю 5,3,54,3/5,Лит. пр.,47000
2025-03-03,центр,Базницас 35,4,109,3/5,Дов. дом,308000
2025-03-03,центр,Антонияс 22,2,54,4/6,Дов. дом,155000
2025-03-03,центр,Клуса 7,1,33,1/5,Дов. дом,32500
2025-03-03,Саркандаугава,Слиежу 1,1,17,3/6,Рекон.,29000
2025-03-03,Ильгюциемс,Стурес 2a,2,49,3/5,Лит. пр.,37000
2025-03-03,Шампетерис-Плескодале,Лиелирбес 13,3,92,17/24,Нов.,184000
2025-03-03,Дзегужкалнс,Дзирциема 31,1,46,1/12,Чеш. пр.,42500
2025-03-03,р-н,ул.Краста Латгалес 245,3,60,3/9,467-я,50000
2025-03-03,центр,Звайгжню 21,1,31,1/6,Дов. дом,40064
2025-03-03,Гризинькалнс,Звайгжню 21,2,48,3/6,Дов. дом,60672
2025-03-03,центр,Клияну 20,3,60,5/5,Рекон.,23283
2025-03-03,Зиепниеккалнс,Озолциема 12,3,77,6/10,119-я,67500
2025-03-03,Плявниеки,Рембатес 10,3,77,3/10,Нов.,157000
2025-03-03,Плявниеки,Рембатес 10,2,52,2/10,Нов.,107000
2025-03-03,Плявниеки,Дравниеку 3,4,86,8/10,Нов.,184200
2025-03-03,центр,Клуса 7A,1,29,4/5,Дов. дом,44000
2025-03-03,центр,Клуса 7,1,27,1/5,Дов. дом,41000
2025-03-03,Вецрига,Екаба 26/28,2,42,3/5,Дов. дом,119000
2025-03-03,Иманта,Курземес пр. 86,1,36,1/9,602-я,40000
2025-03-03,Тейка,Бривибас 338,2,59,7/7,Нов.,110000
2025-03-03,центр,Экспорта 12,3,81,6/7,Сталинка,160000
2025-03-03,Плявниеки,Дравниеку 10,2,50,2/9,602-я,51900
2025-03-03,центр,Гану 6,4,100,2/7,Дов. дом,350000
2025-03-03,Зиепниеккалнс,Озолциема 18,4,93,9/9,119-я,97000
2025-03-03,Тейка,Лаймдотас 38A,4,85,2/4,Нов.,261555
2025-03-03,Тейка,Лаймдотас 38,3,72,1/4,Нов.,193725
2025-03-03,Зиепниеккалнс,Ислицес 1,-,90,1/9,119-я,150000
2025-03-03,центр,Валдемара 57/59,5,109,4/7,Дов. дом,245000
2025-03-03,центр,Красотаю 6C,3,87,3/4,Рекон.,134550
2025-03-03,р-он,ул. Латгалес Католю 33,5,120,2/5,Дов. дом,110000
2025-03-03,Тейка,Лаймдотас 38,3,67,3/3,Нов.,194250
2025-03-03,Тейка,Лаймдотас 38,2,44,2/4,Нов.,129150
2025-03-03,Тейка,Лаймдотас 38,2,44,3/4,Нов.,130725
2025-03-03,Пурвциемс,Марциенас 1,2,62,9/9,119-я,71500
2025-03-03,Плявниеки,Тинужу 1A,2,44,1/5,Нов.,95000
2025-03-03,Пурвциемс,Стирну 4,3,79,8/13,Нов.,174800
2025-03-03,Иманта,Анниньмуйжас 41,3,94,8/21,Нов.,190000
2025-03-03,р-он,ул. Латгалес Латгалес 153a,1,20,4/5,Дов. дом,19500
2025-03-03,Югла,Юглас 10,3,133,6/9,Нов.,179000
2025-03-03,Агенскалнс,Сабилес 13,2,44,3/3,Нов.,132065
2025-03-03,центр,Бривибас 91,2,38,6/6,Рекон.,109000
2025-03-03,центр,Бривибас 91,1,36,6/6,Рекон.,106000
2025-03-03,Плявниеки,Сахарова 5,2,50,4/9,602-я,62000
2025-03-03,Межапарк,Виестура пр. 59,1,35,7/9,Спец. пр.,28500
2025-03-03,центр,Бирзниека-Упиша 18a,2,30,1/5,Рекон.,63500
2025-03-03,Зиепниеккалнс,Дигнаяс 4,2,44,1/3,Нов.,94900
2025-03-03,Зиепниеккалнс,Ислицес 14,1,35,11/12,М. сем.,47000
2025-03-03,Зиепниеккалнс,Тадайкю 8 k-1,1,19,2/3,Хрущ.,9200
2025-03-03,Болдерая,Спайлес 8,1,36,2/2,Дов. дом,12500
2025-03-03,центр,Антонияс 24,4,126,4/6,Дов. дом,257856
2025-03-03,центр,Антонияс 24,5,113,3/6,Дов. дом,218444
2025-03-03,Мангали,Остас пр. 4,2,45,3/5,Лит. пр.,40000
2025-03-03,центр,Барона 21,1,35,4/5,Дов. дом,70000
2025-03-03,центр,Чака 45,2,58,2/3,Рекон.,85000
2025-03-03,центр,Бривибас 158,3,80,2/6,Дов. дом,115200
2025-03-03,Кенгарагс,Саласпилс 18 k6,3,62,4/5,Лит. пр.,63000
2025-03-03,Шампетерис-Плескодале,Залвес 47,3,92,2/5,Нов.,210000
2025-03-03,центр,Антонияс 22,3,93,1/6,Дов. дом,185000
2025-03-03,Вецрига,Миесниеку 14,1,32,4/5,Дов. дом,73000
2025-03-03,Межциемс,Кайвас 50/3,2,54,4/5,Нов.,86000
2025-03-03,Зиепниеккалнс,Зиепниеккална 75,4,146,1/4,Нов.,297900
2025-03-03,Золитуде,Анниньмуйжас 3,3,78,6/9,119-я,85000
2025-03-03,центр,Базницас 45,5,172,4/5,Дов. дом,285000
2025-03-03,Межапарк,Кемпес 4,3,121,6/12,Нов.,205000
2025-03-03,Зиепниеккалнс,Озолциема 12,3,77,5/10,119-я,80000
2025-03-03,центр,Чака 131,1,29,4/5,Дов. дом,48400
2025-03-03,Агенскалнс,Агенскална 25,3,84,2/3,Нов.,211000
2025-03-03,центр,Валдемара 75,3,103,5/6,Дов. дом,230000
2025-03-03,центр,Дзирнаву 9,2,61,2/3,Дов. дом,139000
2025-03-03,Агенскалнс,Смильгя 50,1,23,1/4,Дов. дом,34000
2025-03-03,Иманта,Юрмалас Г. 95,1,32,1/9,602-я,44000
2025-03-03,Тейка,Залиша 1,2,52,4/5,103-я,56000
2025-03-03,центр,М. Пиена 4,2,37,1/3,Дов. дом,13880
2025-03-03,Агенскалнс,Валентина 16,2,51,2/4,Рекон.,125205
2025-03-03,центр,Катринас Д. 24k3,2,38,1/2,Спец. пр.,39980
2025-03-03,Агенскалнс,Алтонавас 17,2,29,1/2,Дов. дом,13480
2025-03-03,Даугавгрива,Звиню 3,2,47,2/2,Спец. пр.,17980
2025-03-03,центр,Дунтес 26,3,67,1/6,Спец. пр.,8480
2025-03-03,Ильгюциемс,Дзирциема 59,1,17,1/9,467-я,11990
2025-03-03,Шкиротава,Крустпилс 77,2,42,1/3,Хрущ.,25800
2025-03-03,Вецрига,Аспазияс бульв. 30,3,75,4/6,Рекон.,129900
2025-03-03,р-н,ул.Краста Балву 3,1,19,3/4,Спец. пр.,9670
2025-03-03,центр,Латгалес 108,3,57,1/2,Спец. пр.,21680
2025-03-03,р-н,ул.Краста Латгалес 108,3,57,1/2,Спец. пр.,21670
2025-03-03,центр,Марияс 14A,2,28,6/6,Рекон.,93400
2025-03-03,Плявниеки,Каудзишу 46,4,110,2/9,602-я,120000
2025-03-03,Кенгарагс,Крустпилс 75,1,18,2/2,Спец. пр.,7980
2025-03-03,Агенскалнс,Лиепаяс 40 k12,3,70,1/4,Спец. пр.,54780
2025-03-03,центр,Латгалес 108,-,400,1/3,Ч. дом,117900
2025-03-03,р-н,ул.Краста Латгалес 219,1,22,2/2,Дов. дом,5580
2025-03-03,р-он,ул. Латгалес Балву 3,1,19,3/4,Дов. дом,9570
2025-03-03,Межциемс,Бикерниеку 160,2,55,5/5,Нов.,125000
2025-03-03,центр,Госпиталю 3,1,24,1/5,Дов. дом,33000
2025-03-03,Мангальсала,Албатросу 24,4,90,5/5,Спец. пр.,79000
